1.20115280151
1.13582611084
1.46007537842
1.66702270508
1.65891647339
1.55210494995
1.29795074463
1.6610622406
1.94978713989
1.97196006775
1.89805030823
2.74205207825
1.83987617493
2.14886665344
2.55703926086
2.48003005981
1.30200386047
1.85704231262
1.67012214661
1.80292129517
2.07090377808
2.04706192017
2.40898132324
1.56188011169
2.30002403259
2.19988822937
1.96290016174
1.96695327759
2.64000892639
1.58405303955
2.4471282959
1.73902511597
1.39999389648
1.38998031616
1.68299674988
1.96218490601
1.25002861023
1.23500823975
1.93381309509
1.96194648743
2.1288394928
2.45904922485
2.53891944885
1.60598754883
2.34603881836
1.68800354004
1.28197669983
1.93309783936
1.74903869629
1.2378692627
1.22404098511
1.85990333557
1.23500823975
1.22594833374
1.24287605286
1.27196311951
1.28698348999
1.61099433899
1.86991691589
1.96695327759
3.56793403625
2.62498855591
1.25288963318
1.75714492798
1.91807746887
1.79004669189
2.15888023376
3.05414199829
1.25193595886
1.17802619934
2.6741027832
1.89900398254
1.57809257507
3.81088256836
1.25598907471
1.17301940918
3.35097312927
1.19996070862
1.22404098511
1.71613693237
1.85203552246
2.01392173767
2.24113464355
2.32601165771
1.23381614685
1.81698799133
1.45816802979
1.31797790527
1.31702423096
1.84297561646
1.24192237854
1.21593475342
1.83606147766
1.35898590088
1.72400474548
2.04181671143
1.96385383606
1.22618675232
1.23906135559
1.8310546875
1.9428730011
1.95789337158
2.12097167969
1.8630027771
2.60806083679
2.47597694397
1.20997428894
1.21402740479
1.85513496399
1.69587135315
1.71899795532
2.59900093079
1.2309551239
1.24311447144
1.23190879822
3.33404541016
1.24192237854
1.16991996765
3.02886962891
1.21784210205
1.20806694031
1.81484222412
1.305103302
1.74283981323
1.94311141968
2.07996368408
1.30009651184
1.95002555847
2.91085243225
1.92403793335
1.65700912476
2.26306915283
1.31392478943
1.33585929871
1.38401985168
1.95598602295
2.12788581848
2.14791297913
2.07495689392
2.07710266113
1.61790847778
1.7249584198
1.66487693787
1.629114151
1.31988525391
1.27005577087
1.26910209656
1.81603431702
1.21808052063
1.64580345154
2.00796127319
1.91903114319
1.98006629944
1.90401077271
1.216173172
1.77502632141
1.85012817383
2.0751953125
1.19495391846
1.82795524597
2.601146698
1.27100944519
2.04706192017
2.06804275513
1.75786018372
2.3729801178
2.20394134521
1.25098228455
1.61194801331
1.92618370056
2.28786468506
2.00605392456
2.09307670593
1.41906738281
1.9690990448
1.71685218811
1.42288208008
1.17206573486
1.73091888428
1.72710418701
1.76119804382
2.0010471344
1.85990333557
1.43194198608
1.94597244263
2.23708152771
1.67679786682
2.07591056824
2.11906433105
1.17301940918
1.4820098877
1.73187255859
1.75499916077
1.93285942078
2.10118293762
1.80292129517
2.19392776489
2.29978561401
1.40619277954
1.2571811676
1.70111656189
1.94907188416
1.86800956726
1.45196914673
2.61902809143
1.33490562439
1.14607810974
1.23500823975
1.63793563843
1.51300430298
1.63102149963
2.40182876587
1.22618675232
1.2321472168
2.04300880432
1.94215774536
1.92785263062
2.19106674194
1.21808052063
1.22618675232
1.83081626892
2.4688243866
1.19304656982
1.37495994568
2.03895568848
1.91307067871
2.30693817139
2.38609313965
1.21903419495
1.10101699829
1.78694725037
1.74689292908
1.73902511597
2.44498252869
1.2481212616
1.16395950317
1.68609619141
2.03800201416
2.04706192017
2.04110145569
1.98912620544
1.19304656982
1.70803070068
1.76811218262
2.11811065674
1.91211700439
2.30503082275
2.29406356812
1.56497955322
2.34389305115
1.29985809326
1.19400024414
1.67202949524
1.57403945923
1.76405906677
2.21705436707
2.27499008179
1.2149810791
1.88398361206
1.49488449097
1.49488449097
1.46698951721
1.94406509399
1.20902061462
1.1899471283
1.68013572693
1.76501274109
1.88493728638
2.20680236816
1.21402740479
1.19018554688
1.19996070862
1.88183784485
1.45220756531
1.52993202209
2.26211547852
1.22284889221
1.296043396
1.77717208862
1.80792808533
1.83987617493
1.86896324158
1.22404098511
1.21307373047
1.59192085266
1.29008293152
1.19113922119
1.16896629333
1.99890136719
1.9199848175
1.83510780334
3.54981422424
0.980138778687
1.16991996765
1.29985809326
1.28507614136
1.59001350403
1.5389919281
1.4169216156
1.31583213806
1.95503234863
2.14099884033
1.7991065979
2.17604637146
3.57294082642
1.17921829224
1.35397911072
1.37090682983
2.02393531799
2.01892852783
3.69787216187
1.21712684631
1.21712684631
1.04808807373
1.33395195007
1.67989730835
1.71804428101
2.37011909485
1.55091285706
1.96599960327
2.53701210022
1.18494033813
1.68013572693
1.89399719238
1.28793716431
1.79195404053
1.74713134766
1.63793563843
2.43306159973
2.17509269714
1.39498710632
1.38401985168
1.87182426453
1.39307975769
2.09307670593
2.05183029175
1.91187858582
1.23810768127
1.21998786926
1.95217132568
1.33395195007
1.51205062866
2.13503837585
1.27196311951
1.31797790527
1.81317329407
1.23405456543
1.27482414246
1.68204307556
1.85513496399
1.22404098511
1.51085853577
2.11381912231
1.24287605286
1.87087059021
1.8048286438
1.75595283508
2.35295295715
1.44004821777
1.27291679382
1.65700912476
1.79314613342
1.21307373047
1.24502182007
1.90186500549
2.1059513092
1.96313858032
2.69389152527
2.6490688324
1.24406814575
1.39212608337
2.15888023376
1.55210494995
1.52492523193
2.24113464355
1.25288963318
1.23691558838
1.79982185364
1.46508216858
1.02400779724
1.65200233459
1.4660358429
1.21784210205
1.97291374207
1.26004219055
1.14011764526
1.84106826782
1.34801864624
1.28602981567
1.20210647583
1.9359588623
1.80578231812
1.85704231262
1.00493431091
1.28102302551
1.21688842773
1.17111206055
1.1510848999
1.24001502991
1.22785568237
2.50101089478
1.22499465942
1.82485580444
2.03204154968
1.38211250305
1.49917602539
2.04205513
1.26099586487
1.22094154358
0.967979431152
1.24096870422
1.57189369202
1.54185295105
1.6028881073
2.18987464905
2.01892852783
1.83010101318
1.60598754883
1.63793563843
2.21800804138
1.39307975769
2.1710395813
2.26497650146
1.24001502991
1.50203704834
1.92785263062
1.43384933472
1.25908851624
1.92284584045
1.87087059021
2.11596488953
2.2029876709
1.28507614136
1.19400024414
1.65200233459
1.7728805542
1.26910209656
1.87706947327
1.82509422302
1.72114372253
1.99389457703
2.31695175171
1.28793716431
1.78408622742
1.86204910278
1.2891292572
1.74498558044
1.99198722839
1.51395797729
2.2988319397
2.22897529602
2.04706192017
1.87087059021
2.53701210022
1.75619125366
2.47716903687
1.64794921875
1.63602828979
1.2538433075
1.31583213806
1.95503234863
1.19090080261
1.70087814331
1.73807144165
1.85990333557
2.1550655365
2.27117538452
1.51395797729
1.22809410095
1.2469291687
1.68585777283
1.305103302
1.296043396
1.91402435303
1.63102149963
1.46389007568
2.39896774292
1.36089324951
1.19590759277
1.68704986572
1.2149810791
1.2891292572
1.27506256104
1.8949508667
1.34301185608
1.29699707031
1.71399116516
1.2412071228
1.98006629944
1.9052028656
1.37209892273
1.33204460144
1.82008743286
1.68299674988
1.54590606689
2.4139881134
1.53493881226
1.18112564087
1.76310539246
2.25281715393
2.4299621582
1.82390213013
2.28095054626
2.56109237671
1.2948513031
1.95693969727
1.23381614685
1.14297866821
1.61290168762
1.74903869629
1.73807144165
2.06804275513
2.78210639954
1.20091438293
1.63793563843
1.49917602539
1.51896476746
2.25806236267
2.760887146
1.18899345398
1.2469291687
2.7859210968
1.97911262512
1.81293487549
4.4949054718
1.65891647339
1.25598907471
1.30701065063
1.78599357605
1.6930103302
1.74593925476
2.53510475159
1.24716758728
1.25288963318
1.85894966125
1.95097923279
1.97100639343
2.06589698792
2.07901000977
2.01416015625
2.38513946533
1.27911567688
1.13391876221
1.82199478149
1.88803672791
2.00486183167
2.02608108521
2.65908241272
1.19495391846
1.18589401245
1.6610622406
1.91402435303
1.64890289307
4.13489341736
1.53994560242
1.24216079712
2.66194343567
1.61719322205
1.88279151917
2.84910202026
1.80506706238
1.78408622742
1.81984901428
2.38800048828
1.28984451294
1.26004219055
1.90305709839
1.25479698181
1.2481212616
1.94001197815
1.28483772278
1.22499465942
1.96695327759
1.33109092712
1.84607505798
1.83200836182
1.89399719238
1.22499465942
1.23596191406
1.64699554443
1.6348361969
1.63197517395
1.85203552246
1.2059211731
1.25002861023
1.78098678589
1.82104110718
2.62594223022
1.80888175964
1.66416168213
1.28817558289
1.67989730835
2.17986106873
1.67989730835
1.81794166565
2.72083282471
1.21998786926
1.57999992371
2.62689590454
1.2469291687
1.21903419495
3.27587127686
1.29008293152
1.21593475342
1.81102752686
2.2120475769
1.38401985168
1.49297714233
2.41303443909
1.24621391296
1.2629032135
1.20782852173
1.59001350403
1.92403793335
1.1990070343
1.86491012573
1.98006629944
2.06995010376
1.30391120911
1.71709060669
1.91712379456
1.30796432495
1.36494636536
2.06184387207
1.99890136719
1.35397911072
2.08616256714
2.89011001587
1.86610221863
2.04801559448
3.28993797302
1.28412246704
1.74498558044
1.73783302307
1.13201141357
1.71113014221
1.87587738037
2.02798843384
1.59096717834
1.75714492798
2.21800804138
1.25288963318
1.77192687988
2.0318031311
1.28412246704
1.27100944519
1.83391571045
1.20878219604
1.27005577087
1.90901756287
1.32298469543
1.17611885071
1.95288658142
1.39093399048
1.37495994568
1.49703025818
2.18796730042
1.17421150208
2.00605392456
1.38306617737
1.41096115112
1.34897232056
2.11000442505
1.1899471283
1.63102149963
1.95980072021
2.3729801178
1.37519836426
1.76286697388
1.62386894226
1.81412696838
2.05898284912
2.27499008179
1.2481212616
1.83391571045
1.33919715881
1.27506256104
1.23906135559
1.46794319153
1.26504898071
1.66583061218
2.11310386658
1.2378692627
1.34086608887
1.76692008972
1.29199028015
1.15513801575
1.86610221863
1.96003913879
1.81889533997
2.09999084473
2.11596488953
1.75094604492
1.96194648743
2.57802009583
1.32083892822
1.57403945923
1.79600715637
1.77311897278
2.17914581299
2.35295295715
1.4431476593
1.24096870422
1.46198272705
2.29716300964
1.96695327759
1.77097320557
1.8789768219
1.25694274902
1.71709060669
1.99890136719
1.22094154358
1.9211769104
1.95980072021
1.68585777283
1.50585174561
2.46405601501
1.4979839325
1.24096870422
1.92379951477
1.24001502991
1.17588043213
1.53183937073
1.82795524597
1.54900550842
1.32489204407
2.09903717041
1.20615959167
1.26314163208
1.74498558044
1.8470287323
1.44600868225
3.85403633118
2.09403038025
1.25002861023
2.89392471313
1.38401985168
1.22976303101
1.1739730835
2.52485275269
1.63197517395
1.68204307556
3.46899032593
1.19996070862
1.2891292572
3.08609008789
1.87802314758
1.68418884277
3.10707092285
1.36995315552
1.29699707031
1.49393081665
2.00009346008
1.24287605286
1.8310546875
1.76119804382
1.8789768219
1.99890136719
2.28595733643
1.29294395447
1.28602981567
1.66893005371
1.71709060669
1.69706344604
2.52079963684
1.30105018616
1.33395195007
1.81007385254
1.60002708435
1.51109695435
2.82406806946
1.2309551239
1.20401382446
1.79004669189
2.82788276672
1.92403793335
1.72805786133
4.05383110046
1.23906135559
1.1510848999
2.69603729248
1.75905227661
1.71804428101
2.75301933289
2.03704833984
1.22809410095
1.21307373047
2.14004516602
1.26600265503
1.24001502991
1.60193443298
1.18494033813
1.26791000366
1.59978866577
1.59597396851
1.59311294556
2.58994102478
1.78790092468
2.33101844788
2.91800498962
3.741979599
1.13701820374
1.95384025574
2.47502326965
1.48701667786
1.45602226257
2.98190116882
1.14107131958
1.216173172
2.92706489563
1.83010101318
1.77311897278
1.75619125366
1.3120174408
1.6450881958
1.70803070068
2.11000442505
1.95908546448
1.88994407654
1.8482208252
1.51109695435
1.46102905273
2.26092338562
1.25503540039
1.59811973572
1.73306465149
1.87206268311
1.91879272461
2.53701210022
2.08806991577
1.82008743286
2.05016136169
1.96409225464
1.22904777527
1.75285339355
1.50799751282
1.19495391846
1.82104110718
1.30295753479
1.2378692627
1.84512138367
1.82509422302
1.15704536438
1.76095962524
2.10189819336
1.31702423096
1.26218795776
1.41310691833
1.51515007019
1.92904472351
1.92213058472
2.32601165771
1.28197669983
1.91521644592
1.72090530396
1.64604187012
1.61385536194
2.19798088074
1.32203102112
1.80506706238
1.80006027222
1.17707252502
1.8482208252
1.92093849182
3.48091125488
1.25002861023
2.06089019775
1.96504592896
2.19893455505
2.24685668945
2.10094451904
1.25312805176
1.31988525391
1.61004066467
1.28412246704
1.92594528198
2.09784507751
1.07312202454
1.18899345398
1.54900550842
1.66893005371
1.56116485596
2.06899642944
1.97601318359
1.16896629333
1.90997123718
1.56998634338
1.37090682983
1.90615653992
3.57794761658
1.18589401245
1.20902061462
1.74880027771
1.63793563843
1.55997276306
2.33507156372
1.84392929077
1.93691253662
2.22492218018
1.81603431702
1.26814842224
1.20306015015
1.80101394653
1.15394592285
1.26504898071
1.4979839325
1.31297111511
1.62792205811
1.61385536194
1.22499465942
1.31607055664
1.65295600891
1.91402435303
1.88684463501
1.91807746887
1.80602073669
1.26791000366
1.75404548645
2.13408470154
0.955820083618
1.36184692383
0.975131988525
1.39594078064
1.55305862427
2.11691856384
1.23405456543
1.26004219055
1.65510177612
1.66702270508
2.1960735321
1.85489654541
2.49695777893
1.27506256104
1.75499916077
1.95288658142
1.83415412903
1.89304351807
2.08616256714
1.26314163208
1.79409980774
1.95288658142
1.86514854431
1.71303749084
2.66599655151
1.36804580688
1.30105018616
1.4808177948
1.68395042419
1.22094154358
1.79314613342
2.03013420105
1.84392929077
2.55703926086
2.20584869385
1.24287605286
1.75309181213
1.41882896423
1.55687332153
1.17301940918
1.56903266907
1.70183181763
1.65390968323
2.48312950134
2.19488143921
1.28388404846
1.22904777527
1.80506706238
1.28412246704
1.88994407654
1.85608863831
1.24502182007
1.37090682983
1.63006782532
1.68395042419
1.57785415649
2.31194496155
1.55377388
1.84011459351
1.70683860779
2.91991233826
2.20680236816
1.92308425903
1.59406661987
1.4169216156
2.17199325562
2.24089622498
1.19590759277
1.18803977966
1.65796279907
1.99294090271
1.95717811584
2.01201438904
1.86991691589
1.1830329895
1.55305862427
1.91903114319
1.26600265503
1.2149810791
1.97291374207
1.22499465942
2.35509872437
1.71995162964
1.28388404846
1.66606903076
2.02703475952
1.35493278503
1.79886817932
1.74188613892
2.73203849792
1.2378692627
1.94096565247
1.79696083069
1.76191329956
2.12001800537
2.41804122925
1.27005577087
1.60384178162
1.89590454102
1.27601623535
1.94191932678
2.05302238464
1.39498710632
1.72209739685
1.76215171814
1.96409225464
1.22499465942
2.85315513611
2.8920173645
2.86889076233
2.75707244873
2.21705436707
2.47597694397
3.35597991943
2.60591506958
1.79314613342
2.8121471405
3.00192832947
2.38299369812
1.47914886475
2.28691101074
2.48122215271
2.2120475769
1.5561580658
1.46198272705
1.46007537842
1.83796882629
2.14195251465
2.49600410461
1.48296356201
1.92284584045
1.4431476593
1.64699554443
2.21490859985
1.4340877533
1.70493125916
2.05492973328
1.90806388855
1.96719169617
2.74705886841
3.16405296326
1.82604789734
1.81102752686
2.71987915039
2.59804725647
3.03506851196
2.77280807495
1.81317329407
1.85418128967
1.73616409302
2.57897377014
2.78186798096
2.70700454712
2.46214866638
1.75309181213
1.71804428101
2.34413146973
2.30002403259
2.33197212219
3.29399108887
3.27491760254
2.28404998779
2.48408317566
2.54702568054
1.9679069519
3.03316116333
2.13098526001
1.72400474548
2.769947052
2.30002403259
2.6969909668
3.71503829956
3.30710411072
1.78790092468
2.02298164368
3.31091880798
2.27689743042
3.05199623108
4.1811466217
1.52492523193
1.85608863831
2.26211547852
2.55703926086
1.87110900879
2.65216827393
2.56681442261
2.88987159729
2.87914276123
2.84504890442
2.83193588257
2.28118896484
2.849817276
2.58302688599
2.92801856995
2.15792655945
1.86109542847
2.9399394989
2.53701210022
2.70009040833
3.0620098114
2.84099578857
3.50213050842
1.68609619141
2.66003608704
2.33006477356
2.30097770691
2.357006073
3.40294837952
1.61910057068
3.03983688354
2.41208076477
2.44903564453
2.70080566406
3.20816040039
2.61521339417
2.30383872986
3.04794311523
2.20108032227
1.76405906677
2.71606445312
2.32601165771
2.30383872986
2.32195854187
2.59804725647
1.74593925476
2.6421546936
2.63285636902
2.3992061615
2.8657913208
3.03912162781
2.91585922241
2.73013114929
3.04484367371
1.72400474548
1.70493125916
3.03792953491
2.34603881836
2.34603881836
2.73394584656
2.81000137329
2.61497497559
2.10094451904
3.12304496765
1.42788887024
1.6770362854
2.76112556458
1.84106826782
1.90305709839
2.87890434265
3.0529499054
1.67512893677
2.78902053833
2.74991989136
2.21800804138
2.96998023987
3.03483009338
1.71589851379
1.75809860229
1.55091285706
1.51896476746
2.28095054626
2.57301330566
1.65200233459
1.89900398254
1.89304351807
3.38196754456
1.69992446899
2.85005569458
1.70993804932
2.42400169373
2.60305404663
4.29821014404
1.81889533997
1.73592567444
4.32991981506
1.80506706238
2.71701812744
4.16302680969
2.17890739441
1.79600715637
3.36194038391
3.02290916443
1.44410133362
1.73497200012
1.69491767883
1.87206268311
2.2759437561
2.44808197021
1.79886817932
1.76095962524
2.60019302368
2.46787071228
2.46500968933
5.09285926819
1.68919563293
1.67417526245
1.72400474548
1.79409980774
1.88684463501
1.93095207214
3.1270980835
2.65598297119
2.44188308716
2.83908843994
2.5269985199
2.71701812744
2.31003761292
2.32291221619
2.81715393066
1.75905227661
1.84011459351
1.92499160767
1.85608863831
1.59811973572
2.12383270264
2.15482711792
1.51515007019
2.0067691803
1.87802314758
1.96695327759
2.34603881836
2.44092941284
3.01599502563
2.94494628906
2.86197662354
3.08084487915
1.73878669739
1.88589096069
2.2120475769
2.41994857788
2.31409072876
2.34794616699
2.90489196777
2.86912918091
3.53503227234
3.16405296326
1.59597396851
1.76596641541
2.20894813538
2.72297859192
2.93207168579
3.12304496765
1.87110900879
1.78718566895
2.35605239868
2.33483314514
2.96211242676
2.91585922241
2.70104408264
2.54106521606
2.60305404663
3.14688682556
1.82390213013
1.62696838379
2.55703926086
1.70493125916
2.59804725647
2.90703773499
2.20394134521
2.23708152771
2.50601768494
2.78997421265
1.83200836182
1.84416770935
2.84886360168
2.55799293518
2.89416313171
2.57015228271
1.87301635742
1.95813179016
2.75301933289
2.2029876709
2.59304046631
1.51109695435
2.05087661743
1.98698043823
2.10905075073
2.62498855591
2.5269985199
2.85983085632
3.69215011597
1.59502029419
1.66988372803
2.74801254272
1.71780586243
1.80411338806
2.8440952301
2.43496894836
2.7060508728
2.68697738647
1.78980827332
1.79100036621
1.96290016174
2.98714637756
2.12907791138
2.40087509155
2.87413597107
1.75094604492
1.72901153564
2.25281715393
1.61290168762
2.29501724243
2.53391265869
2.60710716248
2.95615196228
2.84910202026
2.91109085083
2.97808647156
3.08203697205
2.57015228271
2.41708755493
2.41494178772
3.18121910095
2.08401679993
2.15101242065
2.769947052
1.81603431702
1.72877311707
2.3410320282
2.92587280273
2.92015075684
2.72989273071
1.50394439697
2.201795578
2.61211395264
2.70700454712
2.5360584259
2.56514549255
3.09896469116
2.30503082275
2.62117385864
2.90608406067
1.82390213013
2.88009643555
2.80809402466
1.76000595093
2.54392623901
3.54599952698
2.5839805603
2.81405448914
2.91705131531
2.58207321167
2.66289710999
2.86388397217
3.08084487915
2.89392471313
1.92594528198
3.47399711609
1.6040802002
2.20012664795
2.29597091675
2.51007080078
2.46119499207
2.93111801147
1.94597244263
1.72400474548
1.94787979126
2.44903564453
1.81984901428
1.81913375854
3.38387489319
1.66296958923
2.8920173645
2.23898887634
1.83820724487
2.6957988739
2.66289710999
2.45904922485
2.99000740051
3.07703018188
1.7409324646
1.65605545044
2.23207473755
2.46620178223
2.86912918091
2.86889076233
2.58898735046
1.68299674988
2.39300727844
3.00002098083
1.42502784729
2.09593772888
1.4009475708
2.04491615295
1.99007987976
2.50291824341
1.76191329956
2.33578681946
2.67314910889
3.21507453918
1.99389457703
1.6770362854
1.52611732483
2.18105316162
1.79004669189
2.18296051025
2.60806083679
2.22897529602
1.48892402649
2.05993652344
1.92499160767
2.81810760498
2.68387794495
1.80292129517
2.85220146179
1.77192687988
1.96290016174
2.25114822388
3.10397148132
1.80196762085
1.80101394653
2.87914276123
2.67601013184
2.84600257874
2.34198570251
2.38394737244
2.63214111328
2.76899337769
2.81095504761
2.38394737244
2.61402130127
3.99708747864
2.51197814941
2.57110595703
2.83718109131
2.09999084473
3.05986404419
2.8190612793
2.60806083679
2.30884552002
2.91514396667
3.37910652161
2.58612632751
1.77812576294
2.4151802063
2.40588188171
2.84600257874
3.76200675964
2.04300880432
2.01010704041
3.14617156982
2.33507156372
3.05891036987
2.06303596497
1.86014175415
2.91395187378
3.4499168396
2.40778923035
2.41088867188
2.51293182373
2.46500968933
1.96003913879
2.41994857788
2.48908996582
1.65295600891
2.27499008179
2.57015228271
2.45118141174
2.60901451111
2.65383720398
2.94208526611
2.75111198425
3.11398506165
1.72209739685
1.73187255859
2.7289390564
3.30305099487
2.72512435913
2.71105766296
1.84202194214
1.74188613892
2.21395492554
2.63118743896
1.58190727234
2.681016922
1.74808502197
2.18892097473
2.93707847595
2.7539730072
2.15196609497
3.00908088684
2.59494781494
2.70700454712
1.84798240662
2.9079914093
3.1840801239
3.15093994141
3.0620098114
2.51698493958
1.79100036621
1.44386291504
2.40993499756
2.72417068481
2.54893302917
3.90696525574
2.23302841187
2.30693817139
2.64692306519
2.9149055481
3.23796272278
2.81190872192
1.88684463501
1.60002708435
2.06899642944
2.65002250671
1.87993049622
1.87397003174
3.05700302124
1.64699554443
2.49004364014
2.55990028381
3.11183929443
1.620054245
2.06804275513
2.08711624146
1.91807746887
2.85601615906
2.49099731445
2.40921974182
2.28404998779
3.54886054993
1.797914505
1.90591812134
2.58708000183
2.11596488953
3.10397148132
1.77216529846
2.63595581055
1.73997879028
2.50792503357
2.3250579834
2.75611877441
2.73299217224
2.8920173645
2.19106674194
2.20704078674
3.14807891846
1.72400474548
2.71701812744
2.7379989624
2.60519981384
2.33697891235
2.71797180176
1.66082382202
1.70111656189
2.45308876038
2.3341178894
1.90401077271
2.98595428467
2.57802009583
2.55298614502
2.53915786743
3.16405296326
1.62386894226
2.42209434509
4.45699691772
1.71613693237
1.81198120117
4.14299964905
1.69277191162
1.71399116516
4.40406799316
2.15792655945
2.00605392456
2.98309326172
2.62808799744
2.41088867188
2.29907035828
2.91204452515
2.76684761047
3.61204147339
2.23684310913
1.6930103302
2.36701965332
4.13703918457
1.75499916077
1.62196159363
4.65106964111
1.76000595093
1.81102752686
3.55792045593
2.44998931885
1.78408622742
1.81198120117
2.40993499756
2.34818458557
2.29716300964
3.1750202179
2.61187553406
3.55887413025
2.82382965088
2.02202796936
2.52485275269
3.09300422668
1.629114151
2.35486030579
2.79998779297
2.28691101074
1.75905227661
1.71113014221
1.94311141968
2.30598449707
2.25114822388
4.06193733215
1.77693367004
2.38513946533
4.0271282196
2.34293937683
1.97601318359
2.46787071228
3.24702262878
3.19695472717
2.76494026184
2.38609313965
2.14004516602
2.41613388062
2.83312797546
1.7728805542
2.75588035583
3.30710411072
2.90513038635
2.34508514404
2.87699699402
2.74395942688
2.74395942688
2.71892547607
2.90513038635
2.70986557007
2.27117538452
1.63793563843
2.43520736694
2.47001647949
3.25202941895
1.77621841431
2.4790763855
2.2120475769
1.96003913879
1.93691253662
3.2000541687
2.90608406067
3.08179855347
2.30002403259
2.3820400238
2.42519378662
2.87795066833
2.06184387207
1.63793563843
2.33602523804
2.11310386658
2.01511383057
1.9850730896
3.02219390869
1.64604187012
1.76596641541
2.55298614502
1.78408622742
2.25186347961
2.43902206421
1.63507461548
2.48384475708
2.87914276123
2.6159286499
2.39706039429
2.61616706848
3.20291519165
2.89702415466
2.56013870239
3.14903259277
1.78503990173
1.58309936523
2.72607803345
2.48312950134
2.50315666199
2.89511680603
1.84392929077
1.77097320557
2.28404998779
2.6171207428
2.54917144775
2.33912467957
2.96092033386
2.90393829346
3.51595878601
2.75802612305
1.77884101868
1.90186500549
2.49695777893
2.72703170776
3.09610366821
2.8760433197
3.20482254028
3.16405296326
3.02910804749
3.23700904846
1.67989730835
1.69014930725
2.35605239868
1.85394287109
2.34508514404
2.70891189575
2.88891792297
2.33602523804
2.85077095032
1.79004669189
1.60098075867
2.54511833191
3.06701660156
2.82716751099
2.69484519958
2.06017494202
1.98101997375
3.13091278076
3.49497795105
1.80315971375
2.58111953735
2.48503684998
2.38490104675
2.86221504211
1.92594528198
1.90019607544
2.15101242065
2.56609916687
2.12907791138
3.15594673157
2.72488594055
2.82597541809
2.81310081482
2.30693817139
2.73299217224
3.05008888245
2.87413597107
3.90219688416
1.58977508545
1.80697441101
2.43711471558
1.74283981323
2.25114822388
2.60901451111
2.60901451111
2.43997573853
2.91991233826
2.91585922241
1.72901153564
2.7551651001
2.83288955688
2.34198570251
2.74205207825
3.71193885803
1.77216529846
2.22492218018
2.09999084473
1.67298316956
1.9998550415
2.28810310364
2.14219093323
2.13408470154
2.52199172974
2.73609161377
2.74705886841
3.55792045593
3.28707695007
1.84106826782
1.90401077271
2.55990028381
2.79021263123
2.91299819946
2.75993347168
1.75285339355
2.87413597107
2.4631023407
2.45499610901
1.93881988525
2.42614746094
2.11501121521
1.78408622742
2.29096412659
2.3090839386
2.33697891235
2.30193138123
3.31902503967
1.57904624939
1.65510177612
2.33793258667
2.35414505005
2.42805480957
3.13305854797
1.6610622406
1.70493125916
2.26807594299
2.29907035828
1.74903869629
2.5680065155
2.65097618103
1.66606903076
1.82294845581
3.00312042236
2.93803215027
2.75182723999
2.68602371216
2.32005119324
2.68697738647
1.57880783081
1.91688537598
2.71105766296
2.69794464111
2.36105918884
2.56299972534
3.49497795105
2.35080718994
1.9519329071
2.2759437561
3.10707092285
1.70588493347
1.77097320557
2.41708755493
2.65097618103
2.94208526611
2.94899940491
3.62396240234
2.32315063477
2.33101844788
3.90601158142
2.10094451904
2.29811668396
2.47287750244
2.56204605103
2.84600257874
4.06813621521
2.55393981934
3.04293632507
3.32808494568
1.64818763733
1.65295600891
2.2280216217
1.5561580658
1.84392929077
1.81984901428
2.36678123474
2.62117385864
2.53582000732
3.43799591064
1.76405906677
1.74784660339
4.3089389801
1.61099433899
1.89685821533
4.42886352539
2.44879722595
1.82890892029
4.88591194153
2.19106674194
1.70707702637
2.70986557007
2.9149055481
2.52890586853
2.05683708191
3.07989120483
2.690076828
2.681016922
3.81588935852
1.79600715637
2.06804275513
4.81104850769
1.66296958923
1.708984375
3.81898880005
2.64596939087
2.29811668396
2.77805328369
3.77297401428
2.06589698792
1.93905830383
1.89304351807
2.71415710449
3.42297554016
3.09109687805
1.81102752686
2.59184837341
2.5691986084
2.46381759644
2.47597694397
2.92086601257
1.7249584198
1.78194046021
2.09784507751
2.63786315918
1.91593170166
2.20704078674
2.07781791687
1.82104110718
2.28095054626
2.76303291321
2.29597091675
2.31218338013
2.85720825195
2.77495384216
1.80888175964
2.32911109924
1.797914505
1.86514854431
2.56609916687
2.9559135437
2.90989875793
2.87890434265
3.55005264282
1.7261505127
2.48694419861
3.0791759491
2.66981124878
2.51603126526
3.39484214783
2.95877456665
3.75604629517
2.22706794739
1.97005271912
2.04706192017
2.39515304565
3.11613082886
2.20799446106
3.11279296875
3.81898880005
2.13408470154
2.08401679993
4.0819644928
2.6159286499
2.09093093872
4.84013557434
1.71184539795
1.43909454346
3.51309776306
2.30193138123
2.87485122681
4.36687469482
3.10301780701
1.75404548645
1.88589096069
2.35605239868
2.31981277466
2.42590904236
3.12209129333
1.77717208862
1.60193443298
2.41494178772
2.00581550598
1.97219848633
2.88081169128
1.89399719238
1.8630027771
2.07805633545
2.82502174377
2.84099578857
2.91800498962
2.75301933289
2.02894210815
1.65390968323
2.49290466309
2.46691703796
2.46095657349
2.90822982788
2.8989315033
2.91705131531
2.89607048035
2.79498100281
3.07703018188
2.78401374817
3.20887565613
1.74498558044
2.66599655151
2.62689590454
2.19678878784
2.75683403015
3.37791442871
1.620054245
1.71995162964
1.41406059265
1.80697441101
1.84202194214
2.76112556458
1.67489051819
1.74903869629
2.25400924683
2.71010398865
1.79100036621
2.31504440308
2.89297103882
2.5589466095
2.64096260071
3.42011451721
1.7728805542
1.57880783081
2.59709358215
2.57992744446
2.38800048828
5.72395324707
1.45578384399
2.17509269714
3.34501266479
2.60615348816
1.81603431702
2.87580490112
2.79188156128
1.73401832581
1.70516967773
1.82318687439
1.82819366455
2.65312194824
2.79211997986
2.32291221619
2.63500213623
2.69103050232
3.32403182983
2.21490859985
2.81596183777
2.40182876587
1.68418884277
2.33387947083
2.70009040833
2.55489349365
2.92110443115
2.94899940491
2.9079914093
2.60901451111
3.31115722656
1.55401229858
1.62601470947
2.70390510559
2.84290313721
2.70414352417
2.30121612549
2.66814231873
1.73401832581
2.58493423462
2.74586677551
1.74903869629
1.74808502197
2.67601013184
1.71899795532
1.8150806427
2.58708000183
2.38704681396
2.29215621948
2.34508514404
2.91991233826
2.55417823792
2.72607803345
1.82604789734
2.57682800293
2.53701210022
2.42614746094
1.66606903076
2.54607200623
2.82001495361
1.7991065979
2.6969909668
2.52985954285
1.95693969727
2.18510627747
2.74395942688
2.74896621704
2.43902206421
2.769947052
2.38108634949
1.71518325806
2.47311592102
2.44498252869
1.76811218262
1.72209739685
3.01098823547
1.71709060669
1.83081626892
2.28905677795
1.66201591492
2.57611274719
1.48797035217
1.94811820984
2.31504440308
2.39491462708
2.28500366211
1.65891647339
2.54416465759
2.58898735046
1.78694725037
2.65097618103
4.58908081055
1.70207023621
2.38418579102
2.59208679199
2.58493423462
2.87199020386
3.04889678955
1.68013572693
2.50196456909
2.79808044434
2.49814987183
1.70588493347
2.76207923889
3.14283370972
2.98881530762
2.80809402466
2.56991386414
1.57499313354
2.00080871582
2.67195701599
1.73592567444
1.7991065979
2.50506401062
1.86991691589
1.90281867981
2.90608406067
2.06613540649
1.97315216064
2.29406356812
2.42900848389
2.35795974731
2.27904319763
3.14497947693
2.80404090881
3.46803665161
2.9308795929
1.68704986572
2.62999534607
2.65502929688
2.15291976929
2.8920173645
2.87294387817
2.22110748291
1.98793411255
2.0740032196
3.00884246826
1.59311294556
2.59709358215
2.14195251465
1.94096565247
3.69095802307
2.70891189575
1.88612937927
1.81198120117
2.92611122131
2.90012359619
2.62594223022
2.56013870239
3.4658908844
2.67219543457
2.88319587708
3.49688529968
2.0809173584
2.66408920288
3.17597389221
2.56991386414
3.16691398621
2.09403038025
1.6028881073
2.59900093079
2.67100334167
1.86395645142
2.29501724243
2.35509872437
2.48885154724
2.82883644104
2.73180007935
3.64995002747
2.46286392212
2.3021697998
3.32093238831
2.57205963135
2.84290313721
2.78401374817
2.33912467957
2.70390510559
3.08418273926
2.14791297913
1.75786018372
2.06780433655
2.33697891235
2.8600692749
2.93302536011
2.99406051636
2.8920173645
3.3118724823
2.76303291321
1.83486938477
1.88183784485
2.72703170776
2.87699699402
3.28516960144
2.54702568054
2.59613990784
2.55012512207
2.87795066833
1.89185142517
1.58095359802
1.66296958923
2.22682952881
1.78599357605
1.81913375854
2.74300575256
2.30121612549
2.62308120728
2.68721580505
2.76803970337
3.16405296326
2.3341178894
2.7859210968
1.9850730896
1.71613693237
1.85203552246
2.20799446106
2.21490859985
2.30097770691
1.69396400452
1.85704231262
2.64811515808
2.44307518005
3.04198265076
2.72107124329
3.08513641357
3.74507904053
2.13503837585
2.14695930481
2.40206718445
1.79505348206
1.7101764679
1.75881385803
1.75595283508
3.2651424408
2.44402885437
2.61878967285
3.01599502563
2.93207168579
4.19402122498
2.94709205627
1.65796279907
1.65414810181
2.43592262268
2.54011154175
2.43377685547
2.79903411865
3.17406654358
1.98101997375
2.72798538208
4.37498092651
1.94597244263
1.90401077271
2.57587432861
2.94995307922
2.78806686401
3.06487083435
3.35812568665
1.75881385803
2.89702415466
2.34603881836
2.20894813538
2.80213356018
3.16381454468
2.65502929688
2.10499763489
3.50499153137
3.08084487915
2.82001495361
2.13193893433
1.63888931274
2.5520324707
2.81095504761
2.357006073
2.68197059631
2.89106369019
3.093957901
2.69389152527
2.61902809143
2.17008590698
2.11501121521
2.29501724243
2.89416313171
2.8669834137
2.90012359619
2.91109085083
3.54695320129
2.30097770691
2.22992897034
1.80912017822
1.58405303955
2.37417221069
2.58803367615
2.03490257263
2.53105163574
3.18598747253
1.65390968323
2.3500919342
2.16197967529
1.80697441101
2.01916694641
2.85506248474
1.72996520996
2.93207168579
3.04794311523
1.65510177612
2.19893455505
2.56204605103
2.61807441711
2.55489349365
3.11493873596
3.62110137939
1.63698196411
2.44402885437
2.62999534607
2.36415863037
2.31790542603
3.72385978699
1.65605545044
2.08401679993
2.77805328369
2.73084640503
2.60496139526
2.23708152771
2.72798538208
1.83296203613
1.85108184814
2.51698493958
1.77979469299
2.24614143372
1.69610977173
2.12001800537
2.26211547852
2.66003608704
1.97601318359
1.62887573242
2.40993499756
2.88677215576
2.7391910553
3.09801101685
2.60090827942
3.03888320923
2.88891792297
2.25114822388
2.63381004333
3.07703018188
3.23414802551
2.53987312317
2.72107124329
3.21888923645
3.56197357178
2.46500968933
2.39586830139
2.46405601501
2.7539730072
2.46000289917
1.77812576294
1.80506706238
2.33912467957
1.66416168213
1.99294090271
2.74300575256
1.51991844177
1.86586380005
2.18200683594
1.61290168762
1.92403793335
2.49409675598
1.51085853577
1.88493728638
1.94787979126
1.75094604492
1.69801712036
2.54797935486
2.62498855591
1.79100036621
2.17080116272
2.57110595703
1.57117843628
2.00796127319
2.34603881836
2.05421447754
1.99913978577
2.81381607056
1.55782699585
1.91283226013
2.46810913086
1.80888175964
1.72305107117
2.032995224
2.42805480957
1.76596641541
1.83200836182
2.40206718445
1.6188621521
1.96599960327
2.51698493958
1.72114372253
1.83892250061
2.22396850586
1.45411491394
1.90305709839
2.14505195618
2.48599052429
2.60400772095
1.84798240662
2.21514701843
2.52485275269
1.85418128967
1.86419487
2.8760433197
2.46596336365
2.6159286499
3.01599502563
1.74403190613
2.15291976929
1.46102905273
2.39896774292
2.1870136261
2.81000137329
2.9399394989
2.31409072876
2.66480445862
3.18503379822
2.87699699402
3.51285934448
3.0300617218
1.61695480347
2.51412391663
2.95305252075
2.69913673401
3.07011604309
2.88701057434
1.70087814331
1.70993804932
3.07011604309
2.08497047424
1.90687179565
2.82192230225
2.42209434509
1.66392326355
1.84106826782
2.95090675354
1.94406509399
1.78194046021
2.68697738647
1.78909301758
3.1259059906
2.49409675598
3.31497192383
3.30710411072
2.49910354614
2.42686271667
1.80315971375
2.29001045227
2.79307365417
1.58095359802
2.59590148926
1.76596641541
1.85704231262
1.98006629944
2.78306007385
1.85108184814
3.54814529419
2.78401374817
1.94883346558
2.90513038635
2.66599655151
1.74713134766
1.79004669189
2.39491462708
3.8640499115
2.07805633545
2.75301933289
3.17096710205
2.0489692688
3.20196151733
2.96998023987
1.90711021423
2.73704528809
2.74181365967
2.14505195618
3.53217124939
2.89607048035
1.5070438385
1.7991065979
2.28190422058
3.07393074036
2.68697738647
3.5707950592
2.49695777893
1.80602073669
2.45118141174
2.46500968933
2.59709358215
3.05485725403
3.27396392822
1.75905227661
1.7352104187
2.20894813538
3.06916236877
1.8138885498
2.71081924438
2.36511230469
1.64294242859
2.21085548401
3.64685058594
1.80792808533
2.88605690002
2.86889076233
2.7539730072
2.8829574585
2.99906730652
1.81198120117
1.74307823181
2.77209281921
1.85298919678
2.30097770691
2.55393981934
2.54797935486
2.60090827942
2.94613838196
3.21412086487
1.71804428101
2.44808197021
2.79307365417
1.83486938477
2.56514549255
2.96115875244
2.04992294312
2.40898132324
2.5908946991
2.1710395813
1.72185897827
2.18796730042
2.39515304565
2.85577774048
2.75206565857
2.78091430664
1.72901153564
1.65987014771
2.87699699402
2.60019302368
2.34913825989
2.7289390564
3.20506095886
2.92801856995
2.65502929688
2.94280052185
2.89011001587
3.35001945496
2.26998329163
1.66893005371
2.22706794739
2.99215316772
1.82390213013
1.69801712036
1.71399116516
2.12287902832
2.44498252869
2.52103805542
2.93397903442
2.73299217224
1.68299674988
2.09999084473
2.16698646545
2.32195854187
2.62498855591
2.40206718445
3.07106971741
2.76589393616
3.86095046997
3.05700302124
2.94804573059
1.62291526794
2.51793861389
2.56514549255
2.10094451904
2.73084640503
2.44903564453
1.68490409851
1.68895721436
2.0740032196
2.92587280273
2.28714942932
2.41613388062
2.32195854187
2.23898887634
3.12113761902
2.60400772095
2.61116027832
2.32720375061
3.04508209229
1.65700912476
1.68395042419
2.43496894836
2.50506401062
2.29477882385
2.85601615906
3.04698944092
3.19910049438
3.30495834351
3.14211845398
1.79886817932
2.21610069275
2.57587432861
2.4471282959
2.50792503357
3.07011604309
2.17604637146
1.66296958923
2.60496139526
2.12216377258
1.88994407654
2.01106071472
3.24392318726
2.24304199219
2.66098976135
1.69205665588
2.07114219666
2.56586074829
2.84695625305
2.54893302917
2.55489349365
2.70700454712
3.09610366821
3.27897071838
2.73680686951
2.92181968689
2.40206718445
2.29096412659
2.20799446106
1.79100036621
2.43401527405
2.12788581848
2.00796127319
2.72083282471
3.17811965942
1.80578231812
2.12788581848
2.78186798096
3.27110290527
2.00390815735
2.93016433716
2.37011909485
2.37822532654
2.46787071228
3.48806381226
2.88200378418
2.64096260071
3.75008583069
1.76692008972
2.00009346008
4.56881523132
1.70993804932
1.89280509949
4.28295135498
2.03108787537
1.69587135315
3.98182868958
2.57182121277
1.84202194214
3.83806228638
2.52103805542
1.64794921875
2.17294692993
3.18503379822
1.86395645142
3.09205055237
2.49290466309
2.33101844788
2.46906280518
4.43196296692
2.17580795288
2.41017341614
4.87017631531
1.71494483948
2.2280216217
3.39889526367
3.07011604309
1.75380706787
2.17580795288
2.28095054626
2.10309028625
2.19798088074
3.48377227783
1.64294242859
2.21681594849
2.46500968933
2.46906280518
2.38919258118
2.34889984131
2.02202796936
1.73401832581
2.32815742493
2.97093391418
2.78210639954
2.76899337769
2.27189064026
2.00390815735
1.99317932129
3.16715240479
1.7831325531
1.76095962524
2.48599052429
2.66885757446
2.89511680603
3.04698944092
2.06923484802
2.68197059631
3.07202339172
2.74300575256
1.71494483948
2.67195701599
2.23588943481
1.59692764282
2.80213356018
2.55608558655
2.0911693573
2.78306007385
2.77709960938
2.25114822388
2.3980140686
4.21404838562
2.22706794739
2.5680065155
2.93898582458
1.6930103302
2.01106071472
2.01821327209
2.26998329163
1.77192687988
2.47478485107
2.760887146
1.75189971924
2.67601013184
2.96902656555
1.85298919678
2.77519226074
3.10397148132
2.22110748291
1.78790092468
2.31289863586
2.74801254272
2.7379989624
2.29215621948
2.87103652954
2.71105766296
2.81000137329
4.10389900208
1.60908699036
2.0740032196
4.0910243988
2.32100486755
2.07591056824
5.29789924622
2.1550655365
1.7831325531
1.92308425903
3.15189361572
2.70700454712
2.69079208374
4.6238899231
1.64699554443
1.67417526245
2.2029876709
2.77614593506
2.9149055481
2.86102294922
1.65581703186
2.89607048035
2.57897377014
1.51205062866
1.73306465149
2.71606445312
1.69992446899
1.84607505798
2.44092941284
2.96115875244
1.84988975525
2.72011756897
2.56991386414
2.4311542511
3.12495231628
3.01599502563
2.11691856384
2.89988517761
3.25894355774
1.75499916077
2.25687026978
2.39706039429
3.24296951294
1.71303749084
2.49886512756
2.99501419067
2.64596939087
2.62594223022
2.5041103363
2.67887115479
3.01885604858
2.96092033386
1.96099281311
2.31909751892
2.27499008179
1.74403190613
2.03800201416
2.66313552856
2.23898887634
2.27189064026
2.81310081482
2.16698646545
1.87683105469
2.82788276672
2.94995307922
1.64484977722
1.68895721436
2.82597541809
2.40921974182
2.65502929688
1.72305107117
1.69897079468
2.17008590698
2.43091583252
2.60901451111
2.65097618103
2.65789031982
2.87818908691
2.81500816345
1.60598754883
2.27403640747
1.90591812134
2.58183479309
1.45697593689
1.91688537598
2.16889381409
3.10206413269
1.80912017822
1.86681747437
3.17716598511
1.96003913879
1.92308425903
2.63023376465
1.61695480347
2.14409828186
2.44188308716
1.80101394653
2.19702720642
2.56395339966
2.51317024231
1.94311141968
1.91593170166
2.94899940491
1.95407867432
1.87110900879
2.56204605103
1.73997879028
2.10213661194
2.6330947876
1.58095359802
2.10499763489
2.25591659546
2.16817855835
2.53200531006
2.79688835144
1.44505500793
1.94787979126
1.89900398254
2.20990180969
1.80101394653
1.90401077271
2.62713432312
2.01320648193
1.97196006775
2.50506401062
1.47318840027
1.9588470459
2.80499458313
1.73902511597
2.2029876709
2.43711471558
1.61790847778
2.02298164368
2.37703323364
2.13599205017
1.73592567444
2.26807594299
2.69103050232
2.17509269714
2.26497650146
2.96020507812
1.97720527649
2.18915939331
2.37703323364
1.72090530396
2.6581287384
2.62904167175
1.47604942322
1.92999839783
1.9679069519
2.13384628296
1.65486335754
1.87397003174
2.47001647949
2.00891494751
2.23016738892
2.60806083679
1.90401077271
1.99604034424
2.436876297
1.75404548645
1.91903114319
2.50911712646
1.76692008972
1.94096565247
1.87587738037
2.07495689392
1.77311897278
1.94311141968
2.57301330566
1.74498558044
2.15578079224
2.357006073
1.83486938477
2.38513946533
2.50792503357
1.64008140564
2.27189064026
2.39109992981
1.46412849426
2.16913223267
2.31909751892
1.89995765686
1.76191329956
2.20513343811
2.70104408264
1.8789768219
2.14004516602
2.63214111328
1.74283981323
2.16889381409
2.62999534607
1.60002708435
2.23803520203
2.48503684998
1.48987770081
2.15291976929
2.18296051025
2.48599052429
1.56283378601
1.91211700439
2.61688232422
1.73592567444
2.07209587097
2.52604484558
1.56307220459
2.15411186218
2.52604484558
1.59406661987
2.20584869385
2.26807594299
1.65486335754
2.15816497803
2.16007232666
2.22015380859
1.85585021973
1.91402435303
2.6650428772
1.72901153564
2.26902961731
2.55107879639
1.60908699036
1.98698043823
2.28595733643
1.58214569092
2.19392776489
2.4139881134
1.60694122314
1.96003913879
1.89590454102
2.05707550049
1.64890289307
1.97792053223
2.79712677002
1.47700309753
2.19011306763
2.37798690796
1.74689292908
2.16889381409
2.59399414062
1.75094604492
2.17199325562
2.88200378418
1.51515007019
2.16722488403
2.20394134521
2.04586982727
1.68800354004
2.2189617157
2.64096260071
2.08902359009
1.98888778687
2.83789634705
2.06995010376
1.99484825134
2.51579284668
1.74784660339
2.12907791138
2.7060508728
1.43790245056
2.18820571899
2.06780433655
2.04396247864
1.70397758484
1.88183784485
2.6159286499
2.13193893433
2.0899772644
2.286195755
1.97100639343
2.11000442505
1.71613693237
1.73211097717
1.92379951477
2.56609916687
1.40905380249
2.08497047424
2.07495689392
3.01694869995
1.82199478149
1.86514854431
2.80785560608
1.79409980774
1.96695327759
2.58016586304
1.46889686584
2.23302841187
2.95495986938
2.04610824585
1.87706947327
2.16007232666
1.9690990448
2.10118293762
2.67100334167
2.82692909241
1.76692008972
2.14004516602
2.64096260071
1.620054245
2.07591056824
2.47192382812
1.59788131714
1.86800956726
2.61807441711
1.7249584198
2.25496292114
2.42495536804
2.42614746094
1.88803672791
2.39515304565
2.76112556458
1.70707702637
2.31409072876
2.54392623901
1.78909301758
2.10404396057
2.34508514404
2.11095809937
1.77001953125
2.29692459106
1.70397758484
1.77001953125
2.0809173584
1.60598754883
1.87802314758
2.40087509155
1.90305709839
1.57690048218
1.84106826782
2.31695175171
1.50513648987
2.15196609497
1.75189971924
1.5869140625
1.91617012024
2.4209022522
1.58095359802
1.87015533447
2.51293182373
1.46889686584
1.87110900879
2.55990028381
1.92999839783
1.77001953125
1.86610221863
2.39300727844
1.82700157166
1.86896324158
2.4299621582
1.68085098267
1.93500518799
2.31003761292
1.80006027222
1.85084342957
2.32887268066
1.43003463745
1.76000595093
1.97100639343
1.82008743286
1.70707702637
2.23088264465
2.36511230469
1.73401832581
1.84106826782
2.63094902039
2.05397605896
1.93381309509
2.44307518005
1.68585777283
1.96981430054
1.9199848175
1.50108337402
1.88112258911
2.58302688599
1.83200836182
1.59287452698
1.80983543396
2.39419937134
1.78289413452
1.8949508667
2.6741027832
1.50585174561
1.87611579895
2.30693817139
1.63507461548
1.86991691589
2.31003761292
1.49393081665
1.90210342407
1.91402435303
2.18486785889
1.71899795532
1.89089775085
2.37011909485
1.81102752686
2.1538734436
2.79092788696
1.54209136963
2.12097167969
2.0580291748
1.62100791931
2.14791297913
2.2349357605
1.61600112915
1.87993049622
1.86991691589
1.85203552246
1.50799751282
2.38800048828
2.75588035583
1.44505500793
2.121925354
2.20084190369
1.47795677185
1.83391571045
1.83606147766
1.61600112915
1.87110900879
2.52199172974
1.45888328552
1.94787979126
1.81198120117
2.19917297363
1.74283981323
1.87993049622
2.32720375061
1.71303749084
1.97100639343
2.59685516357
1.81198120117
1.86085700989
2.35509872437
1.56688690186
1.8298625946
2.44402885437
1.39403343201
1.81007385254
2.32815742493
1.71208381653
1.69205665588
1.81484222412
2.366065979
1.90806388855
1.83296203613
2.55417823792
1.41286849976
1.91497802734
1.90782546997
1.64985656738
1.84893608093
2.26187705994
1.78790092468
2.16007232666
2.17413902283
1.71899795532
1.84607505798
1.93500518799
2.51698493958
1.68085098267
1.84607505798
2.41279602051
2.25186347961
2.58708000183
2.53510475159
1.5721321106
1.89185142517
2.17580795288
1.42312049866
1.87706947327
1.9371509552
2.05492973328
1.76095962524
2.59590148926
1.73401832581
1.69610977173
1.68299674988
1.77502632141
1.66392326355
1.72710418701
2.33507156372
1.43504142761
1.87587738037
1.91211700439
1.51515007019
1.87683105469
1.64985656738
1.68681144714
1.72805786133
1.93691253662
2.80618667603
1.44004821777
2.06208229065
2.5589466095
1.79600715637
2.5999546051
2.40802764893
2.53510475159
2.75993347168
2.68602371216
1.65605545044
1.8949508667
1.83510780334
1.797914505
1.71613693237
1.8630027771
2.73513793945
1.6930103302
1.82390213013
2.436876297
1.55115127563
1.85108184814
2.27499008179
1.67393684387
2.30002403259
2.32315063477
1.66201591492
1.9199848175
1.85990333557
2.21014022827
1.73306465149
2.10905075073
3.07989120483
1.79195404053
2.0649433136
2.46000289917
1.58596038818
1.96099281311
2.54702568054
1.56497955322
2.14290618896
2.37393379211
1.56807899475
2.13813781738
2.11000442505
1.91402435303
1.76501274109
1.96719169617
2.78806686401
1.68704986572
2.10809707642
2.46787071228
1.98197364807
1.79696083069
2.28381156921
1.53803825378
2.14099884033
2.2280216217
1.5869140625
1.88899040222
1.82890892029
2.01106071472
1.75714492798
1.84893608093
2.51603126526
1.61910057068
1.8298625946
2.19988822937
1.51991844177
1.84917449951
2.28595733643
1.57284736633
2.16007232666
2.29096412659
1.60193443298
1.96409225464
2.36988067627
1.95789337158
1.82604789734
2.11381912231
2.57587432861
1.56307220459
2.43806838989
2.56109237671
1.68681144714
1.94811820984
1.93190574646
1.52111053467
2.16388702393
2.23207473755
1.52206420898
2.15220451355
2.4528503418
1.9519329071
1.67679786682
2.25114822388
2.48718261719
1.86610221863
2.12001800537
2.55703926086
1.53207778931
2.07090377808
2.42114067078
1.68395042419
2.14314460754
2.3500919342
2.43282318115
1.85394287109
1.80196762085
2.78091430664
1.79195404053
1.73115730286
2.89797782898
1.80697441101
2.42590904236
2.7220249176
1.50108337402
1.93500518799
2.19011306763
2.49409675598
1.8630027771
2.53701210022
2.48908996582
1.88589096069
1.82008743286
3.16500663757
1.76477432251
1.8789768219
3.10921669006
1.71709060669
1.88207626343
2.34603881836
1.6450881958
1.85322761536
2.36177444458
2.54487991333
1.8470287323
1.92499160767
2.51793861389
1.81007385254
1.88207626343
1.87683105469
1.59597396851
1.84082984924
2.5999546051
1.78098678589
1.82795524597
2.29597091675
1.7249584198
1.86610221863
2.3238658905
1.77884101868
1.88183784485
2.82907485962
1.46317481995
1.88493728638
1.82509422302
1.91283226013
1.64413452148
1.82604789734
2.38299369812
1.59311294556
1.87301635742
2.33387947083
1.51109695435
1.85108184814
2.32696533203
1.58214569092
1.89709663391
2.39706039429
1.4340877533
1.90496444702
1.81603431702
1.77597999573
1.76501274109
1.93309783936
2.4778842926
1.75786018372
1.87301635742
2.45308876038
1.52897834778
1.86800956726
2.28810310364
1.47795677185
1.87301635742
2.52389907837
1.41215324402
1.94311141968
1.92809104919
2.21586227417
1.84798240662
1.85298919678
2.32696533203
1.66893005371
1.80912017822
2.33197212219
1.65009498596
2.22110748291
2.70318984985
1.83391571045
2.18415260315
2.26187705994
1.43909454346
1.92499160767
1.86276435852
1.9850730896
1.67798995972
2.12693214417
2.29501724243
1.68490409851
2.1870136261
2.45404243469
1.61004066467
2.13599205017
2.26807594299
1.5971660614
2.11596488953
3.01218032837
1.43599510193
1.89518928528
2.75206565857
2.52985954285
2.81810760498
1.77383422852
2.52389907837
3.04698944092
1.75786018372
2.42400169373
1.44600868225
1.84917449951
2.52985954285
1.63912773132
2.04300880432
2.34389305115
1.58596038818
1.90711021423
2.16317176819
2.1960735321
1.79195404053
2.16007232666
2.76517868042
1.70803070068
2.07901000977
2.44188308716
1.67512893677
1.87110900879
2.35295295715
1.95813179016
1.86896324158
2.31289863586
2.47693061829
1.72591209412
1.63698196411
1.78289413452
2.08020210266
1.95002555847
2.30407714844
2.76398658752
1.80506706238
2.71606445312
1.49416923523
1.87087059021
2.4790763855
1.84798240662
1.91903114319
2.59804725647
1.46985054016
1.89709663391
2.25901603699
2.05683708191
1.78694725037
1.65104866028
2.47287750244
1.61194801331
1.85108184814
3.084897995
1.56903266907
1.90591812134
1.90305709839
1.66511535645
1.86705589294
2.23803520203
1.40905380249
1.96123123169
1.89113616943
1.87301635742
1.57499313354
1.8470287323
2.77519226074
1.77383422852
1.90305709839
2.3307800293
1.73711776733
1.87087059021
2.43902206421
1.64198875427
2.11095809937
2.35605239868
1.59311294556
1.88112258911
2.49195098877
1.85585021973
1.47700309753
1.85298919678
2.75492668152
1.83892250061
2.07495689392
2.56109237671
1.84488296509
1.98984146118
2.53200531006
2.28595733643
1.99294090271
2.37798690796
2.39706039429
1.9268989563
1.82604789734
2.88796424866
2.08687782288
2.37107276917
2.56705284119
1.62601470947
2.08902359009
2.30622291565
1.66201591492
2.04110145569
2.366065979
2.06208229065
1.59215927124
2.4139881134
1.47914886475
1.88493728638
2.36296653748
1.86705589294
1.63388252258
1.88612937927
2.51007080078
1.90210342407
1.91497802734
2.30813026428
1.96719169617
2.20799446106
2.44903564453
1.60884857178
2.21109390259
2.51317024231
1.46007537842
1.64985656738
2.26306915283
1.90997123718
1.88398361206
2.7449131012
2.56204605103
1.71303749084
2.08497047424
2.49695777893
2.02393531799
1.92904472351
2.4561882019
1.90305709839
2.6228427887
2.40921974182
1.4660358429
2.10809707642
2.78902053833
2.55703926086
2.7379989624
2.71987915039
3.1898021698
1.96599960327
1.77311897278
1.70421600342
1.53517723083
1.85418128967
2.41708755493
1.63006782532
1.84392929077
2.36296653748
1.45077705383
1.90901756287
2.25782394409
1.99484825134
1.60193443298
1.86586380005
2.31099128723
1.67798995972
1.83296203613
1.78790092468
1.61385536194
1.63292884827
2.61282920837
1.4979839325
1.84202194214
2.31790542603
1.42407417297
1.89614295959
1.84416770935
2.01511383057
1.7569065094
2.10380554199
2.31194496155
1.69801712036
1.79505348206
2.48312950134
1.52707099915
1.88207626343
2.4299621582
1.57904624939
1.92809104919
2.33602523804
1.41406059265
1.88183784485
2.07185745239
2.11000442505
1.65486335754
1.88517570496
2.35795974731
1.84297561646
1.82700157166
2.52318382263
1.82104110718
2.25210189819
2.3980140686
1.68180465698
2.02703475952
2.99692153931
1.49297714233
2.09999084473
2.16102600098
1.9428730011
2.18415260315
2.07495689392
2.86507606506
1.68299674988
2.1071434021
2.72178649902
2.01678276062
1.80697441101
2.30598449707
1.56807899475
1.87683105469
2.02918052673
1.42002105713
1.94096565247
2.22611427307
2.2668838501
1.51205062866
1.82700157166
2.58994102478
1.47104263306
2.0899772644
2.33006477356
1.65915489197
2.22420692444
2.31981277466
2.30312347412
1.89089775085
2.18296051025
1.43313407898
2.13599205017
2.25710868835
2.16603279114
1.81484222412
2.16007232666
2.50911712646
1.87301635742
1.85108184814
2.56204605103
1.78098678589
2.36511230469
2.36701965332
1.68299674988
2.04396247864
2.40612030029
1.56188011169
1.89995765686
1.85084342957
2.08401679993
1.76596641541
2.10285186768
2.83408164978
1.48987770081
2.09999084473
2.61616706848
1.70183181763
1.79696083069
2.34603881836
1.5549659729
1.89399719238
2.19011306763
1.51395797729
2.14290618896
2.60901451111
2.08806991577
1.88183784485
1.87397003174
2.60591506958
1.7249584198
1.77884101868
2.112865448
1.4660358429
2.27212905884
2.36296653748
1.56617164612
2.11906433105
2.32005119324
1.52206420898
1.9690990448
1.88493728638
2.15005874634
1.70493125916
1.89089775085
2.73203849792
1.80912017822
1.88088417053
2.48908996582
1.5230178833
1.83606147766
2.37989425659
1.59406661987
2.05898284912
2.28595733643
1.51109695435
2.1390914917
2.16698646545
1.95097923279
1.73497200012
2.18796730042
2.41708755493
1.70016288757
2.08902359009
2.3410320282
1.66201591492
2.07901000977
2.31695175171
1.73783302307
2.44307518005
2.68793106079
1.49607658386
1.88708305359
2.57802009583
1.78003311157
1.64198875427
2.08401679993
2.54797935486
1.94787979126
1.7249584198
2.30383872986
1.59811973572
1.84416770935
2.5680065155
1.56712532043
1.87492370605
2.43306159973
1.58786773682
2.2120475769
2.39992141724
1.77407264709
1.75809860229
1.84392929077
2.31909751892
1.70397758484
2.1710395813
2.58111953735
1.73878669739
2.10404396057
2.62498855591
1.55687332153
2.22110748291
2.56013870239
1.46818161011
2.06804275513
2.16698646545
2.27785110474
1.42812728882
2.44402885437
2.68507003784
1.76191329956
2.07185745239
2.54702568054
2.0809173584
2.09307670593
2.28095054626
1.81603431702
2.7289390564
2.84600257874
1.55591964722
1.62982940674
1.63006782532
1.75714492798
2.18486785889
2.08306312561
2.53891944885
1.5881061554
2.09307670593
2.93397903442
1.82008743286
2.1710395813
2.30598449707
1.68609619141
2.28500366211
2.38490104675
1.39188766479
2.08401679993
2.64716148376
2.0649433136
1.68704986572
2.09307670593
2.68983840942
2.03704833984
2.16388702393
2.681016922
1.95908546448
2.08902359009
2.64620780945
1.71685218811
2.2120475769
2.55703926086
1.48797035217
1.93786621094
2.5269985199
2.09188461304
1.65700912476
1.8048286438
2.69317626953
2.23207473755
1.82104110718
2.07901000977
1.90496444702
1.84893608093
2.38108634949
1.6918182373
1.86085700989
2.3729801178
1.40190124512
1.89709663391
1.88517570496
1.97100639343
1.72805786133
1.82008743286
2.40993499756
1.62100791931
1.87993049622
2.3148059845
1.83892250061
1.87706947327
2.40707397461
1.64198875427
1.6930103302
2.10499763489
1.56784057617
1.95503234863
2.39992141724
2.12812423706
1.69897079468
1.87397003174
2.29907035828
1.91688537598
1.81102752686
2.75802612305
1.87397003174
2.00200080872
2.30097770691
1.57999992371
1.65295600891
2.05683708191
1.47604942322
1.76596641541
1.7569065094
1.73187255859
1.85203552246
1.82509422302
2.71701812744
1.5549659729
1.80101394653
2.37512588501
1.54209136963
1.80101394653
3.91817092896
1.54900550842
1.81794166565
2.0911693573
1.43313407898
1.88016891479
2.01606750488
1.84106826782
1.5721321106
1.85108184814
2.6421546936
1.69801712036
1.81198120117
2.64191627502
1.47914886475
1.97505950928
2.45308876038
1.71494483948
1.85894966125
2.27499008179
1.48105621338
1.94716453552
2.67505645752
1.86896324158
1.74498558044
2.54797935486
2.69412994385
1.65486335754
2.07591056824
2.43496894836
1.58786773682
2.12907791138
2.33602523804
2.01487541199
1.96599960327
2.41899490356
2.36415863037
1.99580192566
1.97410583496
2.44283676147
1.67608261108
1.84607505798
2.58207321167
1.83296203613
2.07805633545
2.33101844788
1.79195404053
1.86395645142
2.23803520203
1.50990486145
1.8789768219
2.72011756897
1.4340877533
1.85608863831
1.83391571045
2.1698474884
1.8949508667
1.87110900879
2.41804122925
1.68609619141
1.84488296509
2.32911109924
1.51610374451
1.94001197815
2.61402130127
1.69205665588
1.92618370056
2.49004364014
1.38211250305
1.8470287323
1.81698799133
1.93095207214
1.59001350403
2.01392173767
2.62904167175
1.73401832581
1.82700157166
2.32911109924
2.14290618896
1.85799598694
1.90496444702
1.71899795532
1.92213058472
2.27999687195
2.34389305115
1.79100036621
1.57189369202
2.16102600098
1.74593925476
1.84392929077
2.36988067627
1.83010101318
1.87301635742
2.22492218018
2.17795372009
2.15601921082
2.445936203
1.68800354004
2.23207473755
2.3980140686
1.51515007019
1.88398361206
2.13980674744
1.83796882629
1.87110900879
1.83796882629
2.63690948486
1.71399116516
1.81913375854
2.31313705444
1.90186500549
2.02894210815
2.24018096924
1.68585777283
2.11191177368
2.36797332764
1.62100791931
2.13408470154
2.92205810547
2.37083435059
1.77001953125
2.4311542511
2.67910957336
1.72805786133
2.07710266113
2.70199775696
1.65414810181
2.12717056274
2.30598449707
1.83892250061
1.85608863831
2.3889541626
1.41501426697
2.13694572449
3.2639503479
1.85894966125
1.74689292908
2.12097167969
2.29692459106
1.58190727234
2.07614898682
2.5680065155
2.18892097473
2.57992744446
2.44283676147
1.88708305359
2.11405754089
2.49290466309
2.48312950134
1.90091133118
1.83486938477
2.77018547058
1.97386741638
2.05492973328
2.8338432312
1.58619880676
1.84488296509
2.49791145325
1.55806541443
2.20108032227
2.58803367615
1.89399719238
2.16007232666
2.40397453308
1.51395797729
1.89900398254
1.83010101318
2.35295295715
1.68609619141
2.17509269714
2.60996818542
1.76405906677
2.18892097473
2.51293182373
1.73807144165
2.20394134521
2.71701812744
1.56116485596
1.87706947327
2.57205963135
1.66296958923
2.0899772644
2.05707550049
2.27403640747
1.77097320557
1.8458366394
3.17096710205
2.23803520203
2.13098526001
2.48289108276
1.54280662537
1.97005271912
2.30598449707
1.59001350403
1.86920166016
2.21490859985
1.52397155762
1.89805030823
1.89518928528
2.01392173767
1.76215171814
1.87516212463
2.47693061829
1.65605545044
1.89709663391
2.29716300964
1.56497955322
1.85203552246
2.40802764893
1.54900550842
2.18987464905
2.18296051025
1.4967918396
1.95097923279
1.95288658142
2.00986862183
1.64890289307
1.89590454102
3.07202339172
1.96313858032
2.38299369812
2.70700454712
1.63292884827
2.03394889832
2.29001045227
2.00700759888
2.04586982727
2.39515304565
2.72679328918
1.98912620544
1.92499160767
2.94518470764
1.82104110718
1.89900398254
2.91419029236
1.86610221863
2.09712982178
2.77781486511
1.62196159363
2.34007835388
2.41279602051
1.56188011169
2.15005874634
2.44903564453
1.45792961121
2.12407112122
2.15291976929
1.79195404053
1.52683258057
1.93691253662
2.86507606506
1.73401832581
2.08306312561
2.45881080627
1.5230178833
2.14695930481
2.37107276917
1.83796882629
2.59399414062
2.91204452515
1.38401985168
2.0968914032
2.34603881836
3.95607948303
1.62410736084
2.26521492004
2.75897979736
1.68299674988
2.11000442505
2.3980140686
1.96313858032
1.45792961121
1.63602828979
1.52492523193
1.86610221863
2.30383872986
1.4169216156
1.88398361206
1.79386138916
2.0489692688
1.75499916077
3.18598747253
2.22611427307
4.32205200195
1.63102149963
1.68704986572
1.49703025818
2.26783752441
1.70993804932
1.63388252258
1.74307823181
1.90281867981
2.64000892639
2.00700759888
1.83701515198
3.08108329773
2.73489952087
2.49099731445
2.75492668152
3.13377380371
1.8630027771
2.28500366211
2.71320343018
1.87492370605
1.83200836182
2.08806991577
2.50792503357
2.41184234619
1.52611732483
1.80912017822
2.28095054626
2.48622894287
1.73807144165
1.63102149963
1.83606147766
1.81603431702
2.29406356812
2.277135849
2.92801856995
3.05700302124
3.22890281677
5.37610054016
1.76286697388
2.1870136261
2.86197662354
2.89702415466
2.71606445312
2.08401679993
1.77597999573
1.75809860229
2.69794464111
2.97498703003
2.39491462708
2.3410320282
2.91609764099
3.38387489319
2.29597091675
3.51214408875
2.35509872437
2.75301933289
2.70414352417
2.45094299316
2.6969909668
3.57508659363
2.9981136322
1.86395645142
2.98595428467
1.94787979126
1.91521644592
2.05111503601
2.95996665955
2.57682800293
2.4139881134
2.53891944885
2.34913825989
2.39992141724
2.6969909668
2.77018547058
1.9850730896
3.07607650757
2.66003608704
1.68609619141
2.10499763489
2.70104408264
2.57086753845
2.28905677795
2.61306762695
1.81818008423
1.86204910278
2.47693061829
2.20417976379
2.29692459106
2.84910202026
1.81007385254
1.80888175964
2.73585319519
2.57086753845
1.87397003174
2.40802764893
2.19106674194
1.67894363403
1.708984375
3.70812416077
2.09212303162
2.0899772644
2.70199775696
1.79982185364
2.36392021179
2.72083282471
1.55591964722
1.81698799133
2.30479240417
3.47399711609
2.41613388062
2.43616104126
3.01003456116
2.88891792297
3.36098670959
2.98190116882
1.86896324158
1.91283226013
3.16596031189
2.62808799744
3.31401824951
4.28199768066
2.22420692444
2.54392623901
3.44491004944
2.16913223267
1.6930103302
2.61688232422
2.35104560852
1.80387496948
1.79696083069
2.9091835022
2.69603729248
2.11405754089
2.4151802063
1.70612335205
1.63078308105
2.45499610901
1.708984375
1.77812576294
2.62403488159
2.87294387817
2.18296051025
2.48289108276
3.26013565063
1.77478790283
1.79409980774
2.63786315918
2.58588790894
2.74991989136
3.19695472717
1.78408622742
2.40111351013
2.11405754089
2.58493423462
2.62308120728
2.74705886841
1.74498558044
1.79600715637
2.33316421509
2.82192230225
2.85911560059
2.70414352417
2.91109085083
2.39109992981
3.17096710205
2.54917144775
2.22611427307
2.01010704041
2.79211997986
2.22897529602
2.74801254272
3.10301780701
1.95407867432
1.73306465149
2.43496894836
2.43306159973
2.56490707397
2.0968914032
3.03101539612
3.06105613708
2.42400169373
3.27610969543
2.46596336365
3.14712524414
2.09999084473
2.5200843811
2.8920173645
2.77400016785
1.82104110718
1.97505950928
2.26902961731
2.71201133728
1.76596641541
2.54011154175
3.16691398621
1.69992446899
2.91705131531
2.601146698
2.64716148376
1.94501876831
2.84504890442
2.44688987732
3.21006774902
1.50299072266
2.032995224
1.90281867981
2.08783149719
2.46477127075
2.8510093689
2.75492668152
3.95703315735
1.85418128967
1.84607505798
2.63786315918
2.19893455505
2.18605995178
2.79211997986
1.77979469299
2.95996665955
2.61497497559
3.14688682556
3.18193435669
2.09212303162
1.82700157166
2.55584716797
2.87318229675
2.95901298523
2.36916542053
2.76398658752
3.03316116333
3.15284729004
2.40612030029
1.43098831177
1.94787979126
2.52294540405
2.42304801941
2.78306007385
3.11708450317
2.9079914093
2.74395942688
2.59208679199
2.58302688599
2.98500061035
1.72901153564
1.74498558044
2.78091430664
2.6159286499
2.56204605103
2.92301177979
1.67512893677
1.68895721436
2.60210037231
1.70302391052
1.78909301758
2.31194496155
2.98690795898
2.4561882019
3.21507453918
2.65216827393
2.90203094482
2.65407562256
2.24900245667
1.68299674988
2.29096412659
1.99794769287
2.59709358215
2.56395339966
2.31122970581
2.30097770691
2.21395492554
3.17788124084
3.82804870605
2.28691101074
3.15499305725
3.7899017334
1.74188613892
2.27785110474
2.25806236267
2.6330947876
2.57992744446
2.9559135437
2.53391265869
3.18002700806
1.64699554443
1.86800956726
1.86395645142
2.14195251465
2.357006073
2.58994102478
2.60782241821
3.90005111694
2.14815139771
2.79808044434
2.16603279114
1.69682502747
1.92904472351
2.41589546204
2.55584716797
2.57587432861
2.31790542603
2.94208526611
3.08108329773
2.76494026184
2.36201286316
2.29406356812
2.46500968933
2.85696983337
1.67894363403
2.78401374817
3.07106971741
2.48003005981
2.75897979736
2.68697738647
1.74593925476
2.55489349365
2.70295143127
1.71089172363
1.75905227661
2.49814987183
1.91783905029
1.8310546875
1.88016891479
2.50506401062
1.7569065094
3.06487083435
2.5680065155
2.49981880188
2.80499458313
3.04293632507
1.84297561646
1.80506706238
2.66599655151
2.69508361816
1.82795524597
2.3410320282
3.35597991943
2.64883041382
2.1071434021
2.95805931091
2.55084037781
2.39300727844
2.62498855591
2.87890434265
2.74896621704
3.10206413269
1.78408622742
1.76906585693
3.0300617218
2.49099731445
2.85410881042
4.23312187195
2.29001045227
1.75189971924
2.65693664551
3.37600708008
2.18987464905
2.86602973938
4.58002090454
1.78599357605
1.81484222412
4.08291816711
2.18892097473
2.07090377808
4.24098968506
1.83296203613
2.13098526001
3.55887413025
2.38299369812
1.75404548645
1.76119804382
3.27301025391
1.65200233459
1.66487693787
3.71599197388
1.76906585693
1.84488296509
4.13703918457
1.70993804932
1.70397758484
3.45993041992
1.78217887878
2.72679328918
3.62110137939
3.37791442871
1.69587135315
1.68704986572
2.99906730652
2.57301330566
2.54392623901
2.73489952087
2.61282920837
3.63206863403
2.4299621582
1.81794166565
1.79100036621
2.55107879639
1.69801712036
1.66916847229
1.93905830383
1.58905982971
1.19614601135
1.19495391846
2.0489692688
1.26886367798
1.45411491394
1.94001197815
1.75404548645
1.92308425903
2.06017494202
2.40898132324
2.08282470703
1.96814537048
1.94215774536
1.88899040222
2.51793861389
2.54797935486
2.65884399414
1.94811820984
1.98006629944
1.2059211731
1.24216079712
1.74307823181
1.73091888428
1.5389919281
3.61394882202
1.24001502991
1.25288963318
2.8440952301
1.94382667542
2.19106674194
2.39992141724
3.12495231628
1.24979019165
1.25980377197
1.11699104309
1.18708610535
1.16991996765
1.15394592285
1.3120174408
1.83987617493
2.0740032196
1.16610527039
1.19495391846
1.40404701233
1.87993049622
1.44195556641
1.30176544189
2.03514099121
1.65915489197
1.66583061218
2.15601921082
1.29413604736
1.52921676636
1.83606147766
2.21920013428
2.121925354
2.05111503601
1.43384933472
1.9109249115
1.96385383606
1.90901756287
1.25098228455
2.15101242065
1.22594833374
1.19400024414
1.25098228455
1.78098678589
1.73807144165
1.73497200012
2.25901603699
1.26314163208
1.52492523193
1.87110900879
1.2800693512
1.29103660583
1.52277946472
1.57022476196
2.13193893433
1.95384025574
2.00009346008
1.29103660583
1.62220001221
2.24995613098
1.19614601135
1.8470287323
1.76310539246
1.27196311951
1.60598754883
1.76095962524
1.10387802124
1.67989730835
1.97315216064
2.23207473755
1.26218795776
1.57999992371
1.5709400177
2.05492973328
2.10285186768
2.19202041626
1.30009651184
1.80006027222
1.88302993774
1.88779830933
2.06398963928
2.35390663147
1.24192237854
1.81007385254
2.04110145569
1.32584571838
1.31106376648
1.64985656738
1.66511535645
1.22594833374
2.02703475952
2.31695175171
1.26600265503
1.91307067871
1.68609619141
1.64914131165
1.80220603943
2.19798088074
1.46198272705
1.80721282959
2.26402282715
1.23500823975
1.2538433075
1.33800506592
1.87015533447
1.2309551239
1.84488296509
1.85704231262
1.21092796326
1.93309783936
2.3980140686
1.25598907471
2.18605995178
2.09498405457
1.23000144958
1.24096870422
1.85799598694
1.97720527649
1.98411941528
2.40993499756
1.28102302551
1.2891292572
2.21991539001
1.97219848633
1.57189369202
1.2629032135
1.83510780334
1.28293037415
1.23596191406
2.90894508362
1.75786018372
1.96099281311
3.56483459473
2.357006073
1.16801261902
1.41310691833
1.31487846375
1.24788284302
1.56283378601
3.14211845398
1.15084648132
1.65510177612
2.94494628906
1.94311141968
1.36494636536
3.5240650177
1.22380256653
1.15895271301
2.97498703003
1.23310089111
1.25598907471
1.24382972717
1.80602073669
1.85704231262
1.71685218811
2.33602523804
1.24502182007
1.25885009766
1.90401077271
1.24597549438
1.8470287323
1.82008743286
2.02202796936
2.07901000977
2.04801559448
1.36399269104
2.00009346008
1.97911262512
2.98309326172
1.9109249115
1.60384178162
2.46691703796
2.05087661743
2.03108787537
1.66416168213
2.4139881134
1.95598602295
1.91879272461
1.74283981323
2.21991539001
2.41494178772
1.26791000366
1.21712684631
1.63602828979
1.34086608887
1.34301185608
1.71089172363
2.17294692993
1.22594833374
1.26194953918
1.76692008972
1.27291679382
1.21212005615
1.88207626343
1.7728805542
1.81889533997
2.38990783691
1.27100944519
1.15299224854
1.18088722229
1.25098228455
1.22094154358
1.38878822327
1.88207626343
1.98101997375
2.02703475952
2.31385231018
2.20799446106
2.21800804138
2.62403488159
1.59406661987
1.14583969116
1.12581253052
1.25002861023
1.63698196411
1.71899795532
1.79505348206
1.70803070068
1.72305107117
2.43306159973
1.27696990967
1.22904777527
2.02918052673
1.83010101318
2.0489692688
2.25496292114
1.71399116516
2.20012664795
2.44212150574
2.12693214417
1.3120174408
2.05612182617
1.77693367004
1.70087814331
2.42209434509
2.2280216217
1.53803825378
1.47318840027
2.21514701843
1.27196311951
1.24502182007
1.96099281311
1.85012817383
1.69777870178
2.24590301514
1.85894966125
1.66320800781
2.25186347961
2.48599052429
1.26695632935
1.83796882629
1.26504898071
1.2469291687
1.21116638184
1.91283226013
1.27387046814
1.34181976318
1.36089324951
1.25885009766
1.20210647583
1.71589851379
1.87206268311
1.64794921875
2.03704833984
2.45785713196
1.96194648743
2.1550655365
1.52397155762
1.27196311951
1.9199848175
2.02298164368
1.21283531189
1.26099586487
1.69086456299
1.29079818726
1.44290924072
1.76095962524
1.84202194214
2.20203399658
2.44498252869
2.17485427856
1.16896629333
1.1899471283
1.75404548645
1.74593925476
1.68991088867
2.06208229065
2.43496894836
1.55687332153
2.0740032196
1.25789642334
1.21688842773
1.65295600891
2.11691856384
2.06303596497
2.04610824585
1.79505348206
2.18796730042
2.18892097473
1.84988975525
1.22404098511
1.31297111511
1.87993049622
1.85108184814
1.81794166565
2.46095657349
1.17611885071
1.22499465942
1.85894966125
2.30097770691
1.216173172
1.19185447693
1.86109542847
1.93190574646
1.93786621094
2.54607200623
1.26504898071
1.07288360596
1.77311897278
1.7728805542
2.39515304565
2.03919410706
1.02400779724
1.51205062866
1.85704231262
2.93684005737
1.85918807983
1.80196762085
2.45690345764
2.21085548401
1.6930103302
2.4790763855
1.27601623535
1.12009048462
1.80816650391
1.82104110718
2.04801559448
2.02488899231
1.8458366394
1.80292129517
2.47001647949
1.51205062866
1.30295753479
1.45602226257
1.5242099762
1.1420249939
1.19495391846
1.8630027771
1.66916847229
1.72400474548
1.68895721436
1.63292884827
1.68204307556
1.86085700989
2.3980140686
2.40111351013
2.44784355164
1.20997428894
1.18112564087
1.34611129761
1.93119049072
1.84607505798
2.41088867188
2.15911865234
1.16610527039
1.92189216614
1.85513496399
1.28507614136
1.25694274902
1.9838809967
1.24096870422
1.18517875671
1.21712684631
1.65200233459
1.91116333008
1.73592567444
2.63786315918
2.23898887634
1.48987770081
2.29406356812
1.57904624939
2.04491615295
2.4631023407
1.17683410645
1.42312049866
1.8298625946
1.3439655304
1.27196311951
1.87206268311
1.44410133362
1.2481212616
1.93190574646
2.68793106079
1.1830329895
1.953125
1.39498710632
1.28889083862
1.38401985168
1.97911262512
1.21688842773
1.74403190613
2.18677520752
2.09283828735
2.02012062073
2.42805480957
1.74403190613
1.25312805176
1.97196006775
2.73013114929
1.47795677185
2.20394134521
2.35795974731
1.17111206055
1.22690200806
1.82700157166
1.32203102112
1.99580192566
1.87683105469
1.8630027771
2.11215019226
2.55703926086
1.64413452148
1.43098831177
1.70516967773
1.51515007019
1.36685371399
1.34897232056
3.173828125
1.30200386047
1.72281265259
1.57618522644
1.44004821777
2.18200683594
2.06804275513
1.83916091919
1.69706344604
2.52604484558
1.99198722839
1.61814689636
2.06708908081
1.43218040466
1.21307373047
1.20997428894
2.45881080627
1.25885009766
1.96290016174
1.51515007019
1.17707252502
1.51586532593
1.87802314758
1.97005271912
1.788854599
2.58207321167
1.24216079712
1.2218952179
1.25813484192
1.84798240662
1.21712684631
1.98101997375
1.4169216156
1.29103660583
1.50394439697
1.87516212463
1.45697593689
1.31106376648
2.56013870239
2.08401679993
1.9359588623
2.55012512207
1.33299827576
1.31893157959
1.36280059814
1.77097320557
1.2481212616
1.25908851624
1.77502632141
1.75905227661
1.63102149963
2.67601013184
2.0809173584
1.57499313354
2.39515304565
1.24502182007
1.25002861023
1.74403190613
1.77192687988
1.9268989563
1.99604034424
2.6261806488
1.70707702637
2.0580291748
1.74593925476
1.27291679382
1.26194953918
1.85394287109
1.85799598694
1.8150806427
1.72686576843
2.02608108521
1.94001197815
1.68800354004
1.81198120117
1.25908851624
1.51109695435
2.4847984314
1.17516517639
1.67489051819
1.98101997375
1.96099281311
2.20084190369
2.19702720642
1.20997428894
1.85704231262
1.95097923279
1.28817558289
1.23000144958
1.84202194214
2.18486785889
1.91497802734
2.60519981384
2.6330947876
1.20687484741
1.20115280151
1.76000595093
1.83916091919
2.03704833984
2.36916542053
1.20306015015
1.67798995972
1.80721282959
1.85990333557
2.02202796936
2.23207473755
2.33912467957
1.88302993774
2.49195098877
2.29406356812
1.25694274902
1.2321472168
1.03282928467
1.2891292572
1.23405456543
1.83296203613
1.23500823975
1.42693519592
1.54685974121
1.70493125916
1.81007385254
1.85489654541
1.92809104919
1.56879425049
1.95002555847
2.06780433655
2.06112861633
2.06708908081
2.58684158325
1.20687484741
1.30605697632
1.72400474548
1.27482414246
1.88302993774
1.91497802734
1.9199848175
2.39610671997
2.11596488953
1.29890441895
1.32417678833
1.54495239258
2.36296653748
1.90091133118
2.10118293762
2.37607955933
1.2059211731
1.28102302551
1.8310546875
1.2629032135
1.23500823975
1.91521644592
1.97005271912
1.98411941528
1.30295753479
1.85489654541
1.24907493591
1.22499465942
2.78782844543
1.1830329895
1.2309551239
1.9428730011
1.75094604492
2.43496894836
2.3398399353
1.20902061462
1.85894966125
2.12502479553
1.99794769287
2.20608711243
1.8298625946
1.14679336548
1.53398513794
2.04014778137
2.34603881836
1.28197669983
1.77907943726
2.07591056824
1.32203102112
1.90901756287
1.83701515198
1.29199028015
2.08306312561
1.95288658142
1.22094154358
1.3370513916
1.72686576843
1.25694274902
1.70803070068
1.17492675781
1.23596191406
1.25598907471
1.6508102417
1.70683860779
1.21808052063
1.34491920471
1.99007987976
1.38306617737
1.67798995972
2.05516815186
1.78813934326
1.62291526794
2.27499008179
1.27100944519
1.54495239258
1.40905380249
1.24287605286
1.17897987366
1.23596191406
1.39093399048
1.48797035217
1.63602828979
2.0899772644
1.25789642334
2.07591056824
1.9359588623
1.27911567688
1.88994407654
1.97196006775
2.0158290863
1.23381614685
1.9268989563
1.90305709839
1.93500518799
2.24709510803
1.70111656189
1.30295753479
1.78790092468
1.82199478149
1.51777267456
2.09879875183
2.22396850586
1.6040802002
1.9109249115
2.38609313965
1.75309181213
1.88398361206
1.82795524597
2.21109390259
1.25193595886
1.57403945923
2.00986862183
1.22499465942
1.19996070862
1.71494483948
1.28197669983
1.3530254364
2.0740032196
1.99198722839
1.94001197815
2.24804878235
1.44600868225
1.44004821777
1.96504592896
2.12788581848
1.27410888672
1.26814842224
1.95908546448
1.83796882629
1.9109249115
1.91497802734
2.24900245667
1.4820098877
1.34706497192
1.20496749878
1.63006782532
1.89995765686
1.82819366455
1.89518928528
2.13193893433
2.69889831543
1.18017196655
1.81102752686
1.87611579895
1.44720077515
1.47199630737
1.87301635742
1.21998786926
2.01106071472
1.85990333557
1.8310546875
2.3889541626
1.75404548645
2.41804122925
1.40810012817
2.23898887634
1.67202949524
1.65796279907
1.67989730835
2.38990783691
1.20687484741
1.84202194214
1.90997123718
1.8949508667
1.70493125916
2.60400772095
1.22594833374
1.22618675232
1.75380706787
1.98197364807
1.9109249115
2.07591056824
1.28507614136
1.3120174408
1.39284133911
1.83510780334
1.31297111511
2.04420089722
2.5680065155
1.77597999573
1.6040802002
2.40612030029
1.28507614136
1.17301940918
1.6667842865
1.44815444946
1.39713287354
1.40309333801
1.46389007568
1.19996070862
1.75499916077
1.57594680786
1.60312652588
1.54590606689
1.90877914429
1.83701515198
1.69610977173
2.64406204224
1.91617012024
1.80792808533
1.83081626892
1.4979839325
1.65390968323
1.25002861023
1.96099281311
1.30105018616
1.82199478149
2.04610824585
2.05492973328
2.14600563049
4.37688827515
1.25813484192
1.1727809906
2.98094749451
1.27220153809
1.24001502991
2.75993347168
1.19805335999
1.19280815125
1.5869140625
2.07304954529
1.25098228455
1.51395797729
3.66592407227
1.19400024414
1.23310089111
1.69515609741
1.56211853027
1.62410736084
1.55305862427
1.89113616943
2.21586227417
2.2759437561
1.60884857178
1.26099586487
1.86610221863
1.69110298157
1.67512893677
1.66416168213
2.47597694397
1.86085700989
2.24995613098
2.67386436462
1.21212005615
1.27911567688
1.64198875427
1.30987167358
1.2149810791
1.83391571045
1.24287605286
1.46412849426
2.08592414856
2.07591056824
1.23000144958
1.89089775085
2.07495689392
1.97696685791
1.98316574097
1.80721282959
2.19798088074
2.06708908081
0.944137573242
1.66893005371
1.71709060669
2.68006324768
1.20091438293
1.72019004822
2.84290313721
1.95598602295
1.25098228455
1.68514251709
3.65710258484
1.19805335999
2.1870136261
2.67481803894
1.58309936523
1.79696083069
3.32903862
1.2800693512
1.74808502197
3.11589241028
1.29699707031
1.797914505
2.65407562256
2.16293334961
1.24907493591
1.87516212463
1.87301635742
1.51300430298
2.34985351562
1.82509422302
1.73091888428
1.93285942078
2.51412391663
1.35803222656
1.17588043213
1.76286697388
1.37495994568
1.33776664734
1.79195404053
1.49703025818
1.20496749878
1.85608863831
1.84011459351
2.39396095276
2.39396095276
5.27787208557
1.09100341797
1.17683410645
2.0170211792
1.76811218262
1.71113014221
3.13282012939
1.45983695984
1.24001502991
2.20704078674
2.40397453308
1.64318084717
1.67393684387
2.35295295715
1.22809410095
2.43592262268
1.75881385803
1.97219848633
1.94501876831
2.17604637146
1.83296203613
2.26092338562
2.6638507843
1.98912620544
1.97005271912
2.02012062073
1.75714492798
2.55298614502
1.94597244263
1.55901908875
1.85704231262
1.78909301758
2.21800804138
1.38211250305
1.42216682434
1.72901153564
1.25002861023
1.33490562439
1.86920166016
1.40500068665
1.35588645935
1.54399871826
2.65192985535
1.81198120117
2.11381912231
2.5269985199
1.1830329895
1.23882293701
2.61402130127
1.27482414246
1.23405456543
2.5520324707
1.85799598694
1.89089775085
4.09007072449
2.08806991577
1.31011009216
2.28404998779
1.7101764679
1.63698196411
1.60384178162
3.02290916443
1.23190879822
1.62696838379
2.60996818542
1.65200233459
1.65009498596
4.13990020752
1.8048286438
1.18088722229
1.67989730835
1.56688690186
1.57690048218
1.6028881073
1.79696083069
1.15585327148
1.77907943726
2.7768611908
1.25503540039
1.4820098877
2.53796577454
1.44600868225
1.41215324402
1.94382667542
1.24907493591
1.22904777527
3.28493118286
1.96504592896
1.18207931519
1.88899040222
1.75094604492
1.7261505127
1.69801712036
1.9268989563
1.82580947876
1.93285942078
1.76596641541
1.27100944519
1.88899040222
1.81484222412
2.11882591248
2.06398963928
2.56204605103
1.46102905273
1.23882293701
1.92999839783
2.03704833984
1.22308731079
1.71804428101
2.04300880432
1.95097923279
2.04801559448
2.02822685242
1.75094604492
2.24685668945
2.06398963928
1.50394439697
1.43504142761
2.23803520203
1.17993354797
1.2948513031
1.30891799927
1.98101997375
1.23810768127
1.22594833374
2.00295448303
1.24001502991
1.23715400696
1.75094604492
1.27792358398
1.24287605286
1.73807144165
1.89089775085
1.81889533997
1.85585021973
1.48510932922
1.16109848022
1.18112564087
2.35080718994
1.27291679382
1.26886367798
1.67179107666
1.70087814331
1.71709060669
2.10809707642
1.29580497742
1.25408172607
1.72710418701
1.98698043823
1.53493881226
2.20894813538
1.47986412048
1.26099586487
1.44410133362
1.35898590088
1.22117996216
1.29699707031
1.41906738281
1.3689994812
1.30701065063
1.88088417053
2.11095809937
2.16579437256
2.12121009827
2.11000442505
1.96886062622
1.88994407654
2.14600563049
1.41406059265
2.42304801941
1.54995918274
1.22499465942
1.81818008423
1.65200233459
1.56807899475
2.15721130371
1.97005271912
1.29222869873
1.92999839783
2.15697288513
1.49703025818
1.93095207214
1.93905830383
2.06708908081
2.2120475769
2.07805633545
1.38688087463
1.70111656189
1.7728805542
2.2280216217
2.38108634949
2.16197967529
2.37584114075
1.2731552124
1.24597549438
1.74188613892
1.29699707031
1.2309551239
1.87301635742
1.56903266907
1.5549659729
1.65605545044
2.26616859436
2.16603279114
2.45404243469
2.445936203
1.46889686584
1.06287002563
1.69992446899
1.88398361206
1.98221206665
2.10189819336
1.29008293152
1.19519233704
1.85513496399
2.06112861633
1.94907188416
2.11405754089
2.79402732849
1.15203857422
1.27291679382
1.82700157166
1.9268989563
2.01082229614
2.17914581299
2.08592414856
1.81102752686
2.36892700195
1.34491920471
1.24001502991
1.81603431702
2.11620330811
1.90806388855
1.78599357605
2.21705436707
1.25193595886
1.53207778931
1.90091133118
1.20496749878
1.93405151367
1.85799598694
1.90687179565
1.80006027222
2.21300125122
1.20496749878
1.2309551239
1.70707702637
1.72209739685
1.30796432495
1.61409378052
1.21688842773
1.25598907471
1.27291679382
1.65700912476
1.94001197815
2.42710113525
2.38704681396
1.27482414246
1.24788284302
1.95598602295
1.88302993774
1.80387496948
3.7989616394
1.26600265503
1.25312805176
1.34086608887
1.75499916077
2.07805633545
1.60098075867
3.2160282135
1.27100944519
1.23500823975
2.81596183777
1.23691558838
1.18803977966
1.14393234253
1.55401229858
1.62792205811
2.89106369019
1.18398666382
1.47914886475
2.02083587646
1.86777114868
1.70207023621
1.73592567444
2.69603729248
1.82294845581
1.95217132568
3.54099273682
1.18899345398
1.20210647583
2.94494628906
1.88803672791
1.77884101868
1.06310844421
1.03187561035
1.2731552124
1.25193595886
1.77907943726
1.48892402649
1.48892402649
2.1870136261
2.11405754089
2.1390914917
1.70207023621
1.64699554443
1.64699554443
2.04086303711
1.305103302
1.25813484192
1.75809860229
1.92880630493
1.72805786133
2.06589698792
1.95002555847
1.27387046814
2.09403038025
1.97505950928
1.60098075867
1.21879577637
2.1960735321
1.95407867432
2.06398963928
1.94597244263
1.28984451294
1.76405906677
3.3540725708
1.9690990448
1.29079818726
1.59406661987
1.60694122314
2.09498405457
2.14195251465
2.68197059631
1.27410888672
1.77407264709
1.79195404053
1.20878219604
1.82390213013
1.98698043823
1.89900398254
2.16698646545
2.67791748047
1.49416923523
1.08098983765
1.01494789124
1.0039806366
0.993967056274
1.04188919067
1.21521949768
1.38807296753
1.34611129761
1.58905982971
1.55782699585
2.00390815735
2.0740032196
2.11215019226
1.24597549438
1.28602981567
1.7101764679
1.7569065094
1.72877311707
1.59692764282
1.25098228455
1.26910209656
1.68514251709
1.98602676392
2.06017494202
1.73020362854
1.53183937073
1.48892402649
1.82199478149
2.2988319397
2.17390060425
2.22516059875
1.41310691833
1.40690803528
1.20306015015
1.68514251709
1.22404098511
1.29199028015
1.70803070068
1.28793716431
1.72305107117
2.23302841187
1.22594833374
1.81198120117
2.01511383057
1.28602981567
1.13797187805
1.40500068665
2.53891944885
1.43098831177
1.57284736633
2.26497650146
1.46794319153
2.366065979
1.98101997375
1.62410736084
2.11882591248
2.37488746643
1.24597549438
1.81198120117
1.88708305359
1.46508216858
1.28483772278
1.72591209412
1.85513496399
2.09808349609
2.20894813538
1.21998786926
1.24907493591
1.25885009766
1.94406509399
1.22690200806
1.93500518799
1.83606147766
1.67489051819
2.19488143921
2.1858215332
1.26886367798
1.94883346558
1.86109542847
2.10404396057
1.26099586487
1.96504592896
1.33109092712
1.2538433075
1.94096565247
2.26187705994
2.07710266113
2.45785713196
1.93810462952
1.25598907471
1.25288963318
1.95384025574
1.8892288208
1.54185295105
2.28786468506
1.26218795776
1.83200836182
1.95908546448
1.96886062622
2.23803520203
2.38513946533
3.21793556213
1.22308731079
1.64413452148
1.84917449951
2.23612785339
2.08187103271
1.96290016174
1.2538433075
1.23810768127
1.65295600891
1.75905227661
2.41613388062
2.22206115723
3.30114364624
1.25789642334
1.94311141968
1.87397003174
1.73306465149
1.69897079468
2.36582756042
2.43806838989
2.24280357361
2.94303894043
1.08098983765
1.20091438293
1.8150806427
1.74188613892
1.89709663391
2.32696533203
2.51388549805
1.25980377197
1.77097320557
1.79195404053
1.77812576294
1.70016288757
2.06112861633
1.24096870422
1.90496444702
2.24113464355
1.27911567688
1.14703178406
1.69610977173
1.33109092712
1.28412246704
1.37281417847
1.61004066467
1.17111206055
1.26194953918
1.87110900879
1.59811973572
1.42598152161
1.81078910828
2.21085548401
2.10785865784
2.20990180969
1.28293037415
1.24287605286
1.64914131165
1.70111656189
1.62482261658
2.05993652344
2.26306915283
1.25980377197
1.18112564087
1.9588470459
1.82700157166
1.9199848175
1.96504592896
1.78217887878
1.62696838379
2.23398208618
1.2309551239
1.24192237854
1.66201591492
1.31392478943
1.88612937927
1.85894966125
1.14512443542
1.23500823975
1.25789642334
1.99294090271
1.95479393005
1.9907951355
2.27308273315
1.2788772583
1.25002861023
1.89185142517
1.85108184814
1.98006629944
3.73387336731
2.51388549805
1.25193595886
1.23620033264
2.10690498352
1.21092796326
1.22809410095
1.86800956726
1.83987617493
2.2439956665
2.5269985199
1.23906135559
1.86991691589
2.0899772644
1.43790245056
1.81603431702
2.01797485352
2.08806991577
1.70111656189
2.57277488708
1.99198722839
1.71279907227
1.71709060669
2.28905677795
1.33085250854
1.21307373047
1.07097625732
1.17087364197
1.24096870422
1.7261505127
1.39784812927
1.20878219604
1.65796279907
1.20186805725
1.21998786926
1.68919563293
1.74403190613
1.59883499146
1.62196159363
2.39300727844
1.24216079712
1.74808502197
1.65104866028
1.26004219055
1.88302993774
1.84798240662
1.51205062866
2.18200683594
2.23708152771
2.18796730042
2.22206115723
2.39491462708
1.94597244263
1.70993804932
1.71709060669
2.32911109924
1.19185447693
1.23000144958
1.79600715637
1.25479698181
1.26004219055
1.62816047668
1.42097473145
1.22594833374
1.04594230652
1.26194953918
1.23906135559
1.62386894226
1.77812576294
1.54089927673
1.59192085266
2.27904319763
1.74784660339
1.70493125916
3.33595275879
1.24406814575
1.82390213013
3.14021110535
1.34205818176
1.17015838623
2.13384628296
2.04801559448
1.59907341003
1.97196006775
1.40595436096
1.18708610535
1.25598907471
2.55608558655
1.84082984924
1.83892250061
2.03895568848
2.09903717041
2.17795372009
2.24113464355
1.46198272705
1.17802619934
1.71113014221
1.25217437744
1.2640953064
1.47914886475
1.96886062622
1.63793563843
2.03204154968
1.76596641541
1.35493278503
1.95002555847
1.65605545044
1.61194801331
1.5561580658
1.59978866577
1.29699707031
1.37996673584
1.98316574097
1.30796432495
1.19996070862
1.52993202209
2.05421447754
1.26791000366
1.29413604736
1.81102752686
1.89089775085
2.28595733643
2.32410430908
1.51181221008
1.9998550415
2.08902359009
1.24907493591
1.87516212463
1.89304351807
1.13701820374
1.4979839325
1.9199848175
2.38704681396
1.25694274902
1.87397003174
1.87110900879
1.72400474548
2.65002250671
2.1059513092
1.29008293152
1.73306465149
1.81889533997
1.26004219055
1.94787979126
2.09999084473
1.2891292572
1.82104110718
2.10309028625
1.81484222412
1.20401382446
1.96886062622
1.87802314758
1.26695632935
1.95002555847
1.6348361969
1.26600265503
1.9850730896
1.82318687439
1.27100944519
2.78806686401
1.9907951355
1.19400024414
1.4660358429
1.86109542847
2.15792655945
1.28698348999
2.15005874634
2.42495536804
1.87611579895
2.5098323822
1.95789337158
1.20782852173
2.15101242065
1.83415412903
1.82604789734
2.10905075073
2.38800048828
1.74117088318
1.84392929077
2.39419937134
1.57499313354
1.94001197815
1.87993049622
2.76207923889
1.26099586487
1.40690803528
1.72996520996
1.65295600891
1.99890136719
2.38800048828
1.30200386047
1.93691253662
1.95407867432
2.93302536011
1.22785568237
1.91688537598
1.97100639343
1.92999839783
2.53009796143
2.50005722046
1.3530254364
1.90496444702
1.9690990448
1.30200386047
1.74593925476
1.75595283508
1.69992446899
2.19106674194
2.3889541626
1.28507614136
1.53708457947
1.75905227661
1.98411941528
1.23000144958
2.05397605896
1.77383422852
2.31790542603
2.17199325562
1.8150806427
1.19805335999
1.91402435303
2.09784507751
1.28388404846
2.49791145325
1.07598304749
1.26099586487
2.02298164368
1.26314163208
1.53589248657
1.39594078064
1.63412094116
2.35915184021
1.97196006775
1.92809104919
1.87706947327
1.76692008972
2.56204605103
2.37107276917
1.23810768127
1.26004219055
1.38688087463
1.65915489197
1.7728805542
2.09093093872
1.64484977722
1.9268989563
2.09307670593
1.34086608887
1.25813484192
1.78003311157
2.06089019775
1.64413452148
2.37202644348
2.43806838989
1.23500823975
1.20902061462
1.75714492798
1.93691253662
1.71685218811
1.83200836182
1.75499916077
1.75309181213
2.52985954285
1.99198722839
1.27291679382
1.76191329956
1.89995765686
1.27601623535
1.82390213013
1.92499160767
1.77693367004
2.18796730042
2.17795372009
1.27506256104
1.59502029419
1.9371509552
2.30312347412
1.16491317749
1.82390213013
1.78194046021
2.11405754089
2.18296051025
2.18105316162
1.22809410095
1.87706947327
1.96003913879
1.2571811676
1.23405456543
2.15411186218
1.49488449097
1.30701065063
1.6930103302
2.08592414856
1.24001502991
2.00200080872
1.88684463501
2.25281715393
2.16913223267
1.87206268311
1.26695632935
2.40087509155
2.24018096924
1.45506858826
2.11596488953
2.24900245667
1.27601623535
1.79195404053
1.80506706238
1.36184692383
1.22404098511
1.99294090271
2.13718414307
1.27005577087
2.37417221069
2.04992294312
1.80506706238
3.75199317932
2.04801559448
1.2309551239
1.77502632141
1.81698799133
1.49989128113
1.68991088867
1.93095207214
2.50196456909
1.20401382446
1.95693969727
2.8932094574
1.95980072021
1.7249584198
1.84297561646
1.2469291687
1.78790092468
1.92618370056
1.29985809326
1.26600265503
1.93405151367
1.66916847229
2.21586227417
2.34913825989
1.34801864624
1.31011009216
1.70707702637
2.05016136169
1.24716758728
2.01296806335
2.33316421509
1.33609771729
1.96599960327
1.83582305908
1.3210773468
1.94001197815
1.85894966125
1.30581855774
1.32083892822
1.55901908875
1.94907188416
1.41406059265
1.91283226013
1.90782546997
1.2149810791
1.83892250061
2.4311542511
1.37805938721
1.79290771484
1.9359588623
2.2509098053
2.06613540649
2.357006073
1.39617919922
1.25002861023
1.96981430054
1.69682502747
1.60598754883
2.41613388062
1.79219245911
2.67505645752
1.76405906677
1.92594528198
1.87182426453
2.3820400238
2.34699249268
1.28579139709
1.16300582886
1.71303749084
1.76596641541
1.75809860229
1.8310546875
2.29120254517
2.20608711243
2.08806991577
1.53398513794
1.26814842224
1.71089172363
1.81484222412
1.85799598694
1.66893005371
2.40898132324
1.25813484192
1.79195404053
1.84202194214
1.88493728638
2.24304199219
2.48408317566
2.36487388611
1.25980377197
1.68895721436
1.8618106842
1.82819366455
1.85203552246
2.2759437561
2.11787223816
2.5269985199
1.90615653992
1.7101764679
1.61504745483
1.89185142517
2.4139881134
2.14982032776
2.24304199219
2.24089622498
2.2120475769
2.36487388611
2.4139881134
1.49607658386
1.41191482544
2.77280807495
1.21402740479
1.23906135559
1.0929107666
1.2640953064
1.2412071228
2.62880325317
1.51991844177
1.49917602539
1.58190727234
2.51197814941
2.20394134521
2.20489501953
2.89392471313
1.27410888672
1.92904472351
1.46913528442
1.18017196655
1.54900550842
1.82604789734
1.33395195007
1.23596191406
1.72185897827
1.75309181213
1.708984375
1.9850730896
1.81007385254
1.63197517395
2.23302841187
1.40619277954
1.2321472168
1.4591217041
1.99007987976
1.28698348999
2.0489692688
1.99389457703
1.8789768219
1.81102752686
2.36201286316
1.50299072266
1.4750957489
2.35414505005
1.27816200256
1.26194953918
1.2629032135
2.05397605896
1.47104263306
2.21395492554
1.73807144165
1.57594680786
1.92999839783
2.06303596497
1.16109848022
1.71709060669
1.97696685791
2.50887870789
2.04205513
2.64501571655
1.66392326355
1.45506858826
2.15220451355
2.15697288513
1.27816200256
1.92093849182
2.44808197021
1.23000144958
1.70087814331
1.74403190613
1.37400627136
1.34611129761
2.0809173584
1.8949508667
1.84512138367
2.08783149719
1.48010253906
1.64103507996
2.01010704041
1.76501274109
1.68108940125
2.72703170776
1.70707702637
1.63197517395
1.61719322205
2.44092941284
1.29914283752
1.40905380249
1.86586380005
1.24716758728
1.24001502991
1.24192237854
1.89709663391
1.22880935669
1.22404098511
1.24311447144
1.33514404297
1.8789768219
2.14290618896
1.98411941528
2.50697135925
2.03800201416
1.19495391846
1.24001502991
1.74617767334
2.15005874634
2.25901603699
2.45499610901
1.94096565247
1.25098228455
1.81698799133
1.80292129517
2.03204154968
1.95789337158
1.78480148315
1.27792358398
2.05302238464
2.22206115723
2.4139881134
2.11310386658
2.92086601257
2.22206115723
1.23906135559
1.28507614136
2.03514099121
1.90687179565
1.39784812927
1.61790847778
1.29103660583
1.29413604736
1.82580947876
2.03084945679
2.11501121521
2.17914581299
1.66487693787
3.40104103088
1.71709060669
2.42614746094
1.54113769531
1.97601318359
2.03800201416
1.81412696838
2.64620780945
1.90711021423
2.21586227417
2.57301330566
1.79886817932
1.2469291687
1.90281867981
1.97005271912
1.28602981567
1.28197669983
1.9838809967
1.75309181213
1.92785263062
1.90401077271
1.95002555847
2.23302841187
2.5680065155
3.37791442871
1.19090080261
1.23000144958
1.29008293152
1.25908851624
1.62506103516
1.73282623291
2.0010471344
2.67314910889
1.71589851379
1.98101997375
1.93810462952
2.44116783142
2.33721733093
1.81698799133
2.38704681396
3.28302383423
1.73211097717
1.75213813782
2.09712982178
1.23190879822
1.41096115112
1.72710418701
1.27506256104
1.28507614136
1.99389457703
1.98316574097
2.39896774292
2.05898284912
2.25615501404
1.2059211731
1.74188613892
2.43592262268
2.61807441711
1.77502632141
1.68704986572
1.18184089661
1.34587287903
1.94787979126
1.98197364807
1.96695327759
2.42710113525
1.43599510193
1.90091133118
2.20918655396
2.52485275269
1.23906135559
1.30987167358
1.24788284302
1.68204307556
1.60479545593
1.98698043823
1.76501274109
1.8470287323
2.10690498352
2.0489692688
1.76811218262
2.60591506958
1.37996673584
1.24311447144
1.96003913879
1.96409225464
1.38902664185
2.00200080872
2.17390060425
2.21800804138
1.89113616943
2.73609161377
1.28197669983
2.09999084473
1.81984901428
1.94215774536
1.88302993774
2.45594978333
1.67202949524
2.40707397461
2.60591506958
2.55513191223
1.95097923279
2.00295448303
1.74903869629
1.82914733887
1.72090530396
1.87492370605
1.9359588623
2.16197967529
3.58510017395
1.25813484192
1.81579589844
3.52716445923
1.23405456543
1.12700462341
1.20091438293
1.54995918274
1.54805183411
1.78599357605
2.14505195618
1.72805786133
2.36201286316
2.34293937683
2.31313705444
3.093957901
2.98190116882
1.23000144958
1.51705741882
1.69205665588
1.25217437744
1.39284133911
1.8208026886
1.44720077515
2.09903717041
1.80101394653
1.11103057861
1.14607810974
1.67298316956
1.07598304749
1.43599510193
1.62315368652
1.0290145874
1.27816200256
1.24287605286
1.74403190613
1.61004066467
1.85298919678
1.50799751282
1.23405456543
1.25503540039
1.62482261658
0.988006591797
1.29580497742
1.63888931274
1.1420249939
1.36423110962
1.72305107117
1.09791755676
1.49393081665
1.36613845825
1.77001953125
1.2629032135
1.23596191406
1.72400474548
1.76095962524
1.71208381653
1.75905227661
1.19209289551
1.44791603088
1.8138885498
1.051902771
1.25694274902
1.54304504395
0.991821289062
1.30200386047
1.32203102112
1.38401985168
1.18899345398
1.46913528442
1.82580947876
1.28602981567
1.42812728882
1.5709400177
1.12819671631
1.26600265503
1.19185447693
1.1510848999
1.26600265503
1.52516365051
1.0302066803
1.29508972168
1.40595436096
1.34491920471
1.20091438293
1.64818763733
1.96504592896
1.29890441895
1.24597549438
1.47199630737
1.23906135559
1.37400627136
2.60496139526
2.69412994385
1.59502029419
1.18088722229
1.00684165955
1.29199028015
1.57809257507
1.42312049866
1.20806694031
1.41310691833
2.89916992188
1.07002258301
1.305103302
1.6758441925
1.32393836975
1.77597999573
1.94501876831
2.30813026428
1.50203704834
1.75619125366
2.17700004578
1.75213813782
1.72400474548
2.0010471344
1.81007385254
1.84106826782
3.41796875
1.708984375
1.54185295105
1.85203552246
2.12502479553
1.72185897827
1.72710418701
2.58779525757
1.23977661133
1.26099586487
1.79004669189
1.65820121765
1.88398361206
2.20990180969
1.29795074463
1.2469291687
1.93881988525
1.40690803528
1.22809410095
1.26385688782
1.84011459351
1.85990333557
2.05707550049
2.22206115723
2.08210945129
1.73401832581
2.41494178772
1.53708457947
1.56593322754
1.54113769531
1.31583213806
1.88994407654
2.66790390015
1.9109249115
1.70016288757
1.84917449951
2.59709358215
1.25503540039
1.24311447144
2.9239654541
1.73401832581
2.1059513092
2.05302238464
1.66797637939
1.64389610291
1.26099586487
1.5389919281
1.60193443298
1.69396400452
1.88899040222
1.78003311157
2.01797485352
2.43782997131
1.26695632935
1.92189216614
2.27308273315
1.24192237854
1.89995765686
2.0010471344
2.33101844788
2.09808349609
2.37798690796
2.72393226624
2.05588340759
2.08401679993
1.76310539246
2.05183029175
2.1071434021
2.56204605103
1.9748210907
1.97410583496
1.71899795532
1.65987014771
1.6450881958
2.49195098877
1.99007987976
1.92713737488
1.63197517395
2.44784355164
2.40111351013
2.48098373413
1.22404098511
1.15704536438
1.65200233459
1.74999237061
1.76000595093
2.08020210266
1.67918205261
1.2640953064
2.05683708191
2.03895568848
1.27005577087
1.43504142761
2.00891494751
1.99103355408
1.74283981323
2.18987464905
2.4049282074
1.30105018616
2.11501121521
2.27189064026
1.1990070343
1.23500823975
1.75714492798
1.69515609741
2.32195854187
2.09903717041
1.77121162415
1.94883346558
2.42304801941
1.38187408447
1.22499465942
1.22094154358
1.76000595093
2.08115577698
2.07185745239
2.59900093079
2.06112861633
1.71518325806
2.35414505005
1.28507614136
1.38998031616
1.97386741638
1.86705589294
1.97100639343
2.43902206421
1.28698348999
1.84392929077
1.93119049072
1.93905830383
2.23112106323
2.3410320282
2.77495384216
1.91617012024
1.85608863831
1.85799598694
1.27506256104
1.97911262512
2.14099884033
2.46405601501
2.41804122925
1.49989128113
1.21092796326
1.30891799927
1.93500518799
1.88899040222
1.98197364807
2.38609313965
2.83193588257
1.24287605286
1.23810768127
1.76501274109
1.82795524597
1.92284584045
2.25710868835
1.27911567688
1.42908096313
1.73187255859
1.99604034424
1.90496444702
2.51507759094
2.3181438446
2.3341178894
1.76405906677
1.3279914856
1.42097473145
1.47318840027
2.23278999329
1.26194953918
1.47819519043
2.25305557251
2.28595733643
1.33991241455
2.07996368408
2.10213661194
2.05397605896
2.34699249268
2.08306312561
1.88088417053
1.72400474548
2.436876297
1.66416168213
2.15911865234
1.9359588623
2.58994102478
2.5942325592
1.50990486145
1.17588043213
1.82294845581
1.67798995972
2.06112861633
1.9519329071
1.92713737488
1.97601318359
2.12097167969
2.58612632751
2.96306610107
1.23596191406
1.25789642334
1.90997123718
1.94501876831
1.92904472351
2.91800498962
1.74617767334
1.72209739685
1.90401077271
1.86586380005
1.83391571045
1.82795524597
1.86896324158
2.21395492554
2.35414505005
2.18987464905
2.67505645752
2.47001647949
1.53493881226
1.4500617981
2.14791297913
2.15005874634
1.26695632935
1.27196311951
1.64699554443
1.8630027771
1.84297561646
2.1059513092
1.69086456299
1.23882293701
1.77597999573
2.11191177368
1.25885009766
1.26600265503
2.01392173767
1.24406814575
1.83701515198
1.95789337158
1.3120174408
1.9748210907
1.07407569885
1.38688087463
1.35111808777
1.49297714233
2.23398208618
1.21808052063
1.75094604492
2.02798843384
2.40302085876
1.25098228455
1.39594078064
1.46102905273
1.94001197815
2.00200080872
1.27005577087
1.94501876831
2.18415260315
1.25885009766
1.56903266907
1.9211769104
2.00009346008
1.22022628784
1.98912620544
1.94311141968
1.43790245056
2.18415260315
1.62100791931
1.27792358398
1.57189369202
2.32195854187
1.24597549438
2.9308795929
2.10976600647
1.29294395447
1.69682502747
1.84798240662
